   1.0000000e+00   1.5000000e+01   3.0000000e+01
   2.0000000e+00  -5.0000000e+00   3.0000000e+01
   3.0000000e+00  -5.0000000e+00   0.0000000e+00
   4.0000000e+00  -2.5000000e+01   0.0000000e+00
   5.0000000e+00  -2.6913418e+01  -9.6193981e+00
   6.0000000e+00  -2.8535534e+01  -8.5355339e+00
   7.0000000e+00  -2.9619398e+01  -6.9134173e+00
   8.0000000e+00  -3.0000000e+01  -5.0000000e+00
   9.0000000e+00  -2.9619398e+01  -3.0865829e+00
   1.0000000e+01  -2.8535534e+01  -1.4644661e+00
   1.1000000e+01  -2.6913418e+01  -3.8060233e-01
   1.2000000e+01  -2.5000000e+01  -1.0000000e+01
   1.3000000e+01   5.0000000e+00  -1.0000000e+01
   1.4000000e+01   5.0000000e+00   2.0000000e+01
   1.5000000e+01   1.3000000e+01   3.0000000e+01
   1.6000000e+01   1.1000000e+01   3.0000000e+01
   1.7000000e+01   9.0000000e+00   3.0000000e+01
   1.8000000e+01   7.0000000e+00   3.0000000e+01
   1.9000000e+01   5.0000000e+00   3.0000000e+01
   2.0000000e+01   3.0000000e+00   3.0000000e+01
   2.1000000e+01   1.0000000e+00   3.0000000e+01
   2.2000000e+01  -1.0000000e+00   3.0000000e+01
   2.3000000e+01  -3.0000000e+00   3.0000000e+01
   2.4000000e+01  -5.0000000e+00   2.8000000e+01
   2.5000000e+01  -5.0000000e+00   2.6000000e+01
   2.6000000e+01  -5.0000000e+00   2.4000000e+01
   2.7000000e+01  -5.0000000e+00   2.2000000e+01
   2.8000000e+01  -5.0000000e+00   2.0000000e+01
   2.9000000e+01  -5.0000000e+00   1.8000000e+01
   3.0000000e+01  -5.0000000e+00   1.6000000e+01
   3.1000000e+01  -5.0000000e+00   1.4000000e+01
   3.2000000e+01  -5.0000000e+00   1.2000000e+01
   3.3000000e+01  -5.0000000e+00   1.0000000e+01
   3.4000000e+01  -5.0000000e+00   8.0000000e+00
   3.5000000e+01  -5.0000000e+00   6.0000000e+00
   3.6000000e+01  -5.0000000e+00   4.0000000e+00
   3.7000000e+01  -5.0000000e+00   2.0000000e+00
   3.8000000e+01  -7.0000000e+00   0.0000000e+00
   3.9000000e+01  -9.0000000e+00   0.0000000e+00
   4.0000000e+01  -1.1000000e+01   0.0000000e+00
   4.1000000e+01  -1.3000000e+01   0.0000000e+00
   4.2000000e+01  -1.5000000e+01   0.0000000e+00
   4.3000000e+01  -1.7000000e+01   0.0000000e+00
   4.4000000e+01  -1.9000000e+01   0.0000000e+00
   4.5000000e+01  -2.1000000e+01   0.0000000e+00
   4.6000000e+01  -2.3000000e+01   0.0000000e+00
   4.7000000e+01   3.0000000e+00  -1.0000000e+01
   4.8000000e+01   1.0000000e+00  -1.0000000e+01
   4.9000000e+01  -1.0000000e+00  -1.0000000e+01
   5.0000000e+01  -3.0000000e+00  -1.0000000e+01
   5.1000000e+01  -5.0000000e+00  -1.0000000e+01
   5.2000000e+01  -7.0000000e+00  -1.0000000e+01
   5.3000000e+01  -9.0000000e+00  -1.0000000e+01
   5.4000000e+01  -1.1000000e+01  -1.0000000e+01
   5.5000000e+01  -1.3000000e+01  -1.0000000e+01
   5.6000000e+01  -1.5000000e+01  -1.0000000e+01
   5.7000000e+01  -1.7000000e+01  -1.0000000e+01
   5.8000000e+01  -1.9000000e+01  -1.0000000e+01
   5.9000000e+01  -2.1000000e+01  -1.0000000e+01
   6.0000000e+01  -2.3000000e+01  -1.0000000e+01
   6.1000000e+01   5.0000000e+00   1.8000000e+01
   6.2000000e+01   5.0000000e+00   1.6000000e+01
   6.3000000e+01   5.0000000e+00   1.4000000e+01
   6.4000000e+01   5.0000000e+00   1.2000000e+01
   6.5000000e+01   5.0000000e+00   1.0000000e+01
   6.6000000e+01   5.0000000e+00   8.0000000e+00
   6.7000000e+01   5.0000000e+00   6.0000000e+00
   6.8000000e+01   5.0000000e+00   4.0000000e+00
   6.9000000e+01   5.0000000e+00   2.0000000e+00
   7.0000000e+01   5.0000000e+00   0.0000000e+00
   7.1000000e+01   5.0000000e+00  -2.0000000e+00
   7.2000000e+01   5.0000000e+00  -4.0000000e+00
   7.3000000e+01   5.0000000e+00  -6.0000000e+00
   7.4000000e+01   5.0000000e+00  -8.0000000e+00
   7.5000000e+01   6.4285712e+00   2.1428572e+01
   7.6000000e+01   7.8571429e+00   2.2857143e+01
   7.7000000e+01   9.2857142e+00   2.4285715e+01
   7.8000000e+01   1.0714286e+01   2.5714285e+01
   7.9000000e+01   1.2142858e+01   2.7142857e+01
   8.0000000e+01   1.3571428e+01   2.8571428e+01
   8.1000000e+01  -2.5569216e+01  -7.4799495e+00
   8.2000000e+01  -2.6812399e+01  -6.6581235e+00
   8.3000000e+01  -2.7837007e+01  -5.6507854e+00
   8.4000000e+01  -2.4993168e+01  -2.9997506e+00
   8.5000000e+01  -6.0740232e+00  -2.5179989e+00
   8.6000000e+01  -3.4120538e+00   6.0653629e+00
   8.7000000e+01  -7.9060102e+00  -2.1646850e+00
   8.8000000e+01   6.9336062e+00   2.8568323e+01
   8.9000000e+01   5.0312228e+00   2.8598368e+01
   9.0000000e+01   3.0751996e+00   2.8357922e+01
   9.1000000e+01   1.0200783e+00   2.8270435e+01
   9.2000000e+01  -1.0074793e+00   2.8154011e+01
   9.3000000e+01  -2.9825332e+00   2.2053007e+01
   9.4000000e+01  -3.1453507e+00   1.9996441e+01
   9.5000000e+01  -3.3800740e+00   1.8021389e+01
   9.6000000e+01  -3.2473075e+00   1.6081007e+01
   9.7000000e+01  -3.2206101e+00   1.4009093e+01
   9.8000000e+01  -3.2703772e+00   1.1955734e+01
   9.9000000e+01  -3.3251550e+00   9.9560938e+00
   1.0000000e+02  -3.3758354e+00   7.9950137e+00
   1.0100000e+02  -3.3890622e+00   4.2070727e+00
   1.0200000e+02  -3.2124169e+00   2.4552603e+00
   1.0300000e+02  -2.8130145e+00   1.0045226e+00
   1.0400000e+02  -9.8590670e+00  -1.9435076e+00
   1.0500000e+02  -1.1825352e+01  -1.8118960e+00
   1.0600000e+02  -1.3773704e+01  -1.7204515e+00
   1.0700000e+02  -1.5699491e+01  -1.6489378e+00
   1.0800000e+02  -1.7612629e+01  -1.5955154e+00
   1.0900000e+02  -1.9525295e+01  -1.5675751e+00
   1.1000000e+02  -2.1442820e+01  -1.5793725e+00
   1.1100000e+02  -2.4046541e+01  -7.9848700e+00
   1.1200000e+02  -2.3297566e+01  -1.6052828e+00
   1.1300000e+02  -8.5830533e-01  -8.2150927e+00
   1.1400000e+02  -2.8521984e+00  -8.2464933e+00
   1.1500000e+02  -4.8623447e+00  -8.2804003e+00
   1.1600000e+02  -6.8227549e+00  -8.3585863e+00
   1.1700000e+02  -8.7255392e+00  -8.4627276e+00
   1.1800000e+02  -1.0666894e+01  -8.4934025e+00
   1.1900000e+02  -1.2608523e+01  -8.4725046e+00
   1.2000000e+02  -1.4557199e+01  -8.4393282e+00
   1.2100000e+02  -1.6514713e+01  -8.4132986e+00
   1.2200000e+02  -1.8462202e+01  -8.3881550e+00
   1.2300000e+02  -2.0390463e+01  -8.3401136e+00
   1.2400000e+02  -2.2275770e+01  -8.2286463e+00
   1.2500000e+02   3.3234184e+00   1.7921450e+01
   1.2600000e+02   3.4927499e+00   1.5811863e+01
   1.2700000e+02   3.4503629e+00   1.3869748e+01
   1.2800000e+02   3.4031029e+00   1.1904144e+01
   1.2900000e+02   3.3684096e+00   9.9275246e+00
   1.3000000e+02   3.3339868e+00   7.9491782e+00
   1.3100000e+02   3.2731962e+00   5.9815102e+00
   1.3200000e+02   3.1435709e+00   4.0026522e+00
   1.3300000e+02   2.9319525e+00   2.0033667e+00
   1.3400000e+02   2.8571820e+00  -7.7948652e-02
   1.3500000e+02   2.9648633e+00  -2.1654053e+00
   1.3600000e+02   3.0493195e+00  -4.1899090e+00
   1.3700000e+02   3.0786951e+00  -6.1494260e+00
   1.3800000e+02   3.0612783e+00  -8.0862122e+00
   1.3900000e+02   8.8747854e+00   2.8795610e+01
   1.4000000e+02   1.0650064e+01   2.9001972e+01
   1.4100000e+02   9.7311754e+00   2.6518246e+01
   1.4200000e+02   4.6443138e+00   2.2334087e+01
   1.4300000e+02   8.0242767e+00   2.5378569e+01
   1.4400000e+02   6.4042411e+00   2.3980860e+01
   1.4500000e+02  -2.3079372e+01  -6.2816620e+00
   1.4600000e+02  -2.6514895e+01  -3.9036441e+00
   1.4700000e+02  -3.4342222e+00  -1.2714648e+00
   1.4800000e+02   1.0406784e+00   2.6647581e+01
   1.4900000e+02   1.1076157e+00  -8.1618109e+00
   1.5000000e+02  -7.3609203e-01  -6.4306393e+00
   1.5100000e+02  -4.7587571e+00  -6.5317526e+00
   1.5200000e+02  -6.7267609e+00  -6.6501188e+00
   1.5300000e+02  -8.5062694e+00  -6.9691801e+00
   1.5400000e+02  -1.0305627e+01  -7.0003581e+00
   1.5500000e+02  -1.2133800e+01  -6.9155250e+00
   1.5600000e+02  -1.4019887e+01  -6.8370853e+00
   1.5700000e+02  -1.5933312e+01  -6.7775931e+00
   1.5800000e+02  -1.2078513e+00   1.9724096e+01
   1.5900000e+02  -1.3247848e+00   1.6423235e+01
   1.6000000e+02   1.9666181e+00   1.5601353e+01
   1.6100000e+02   1.8373734e+00   1.3803975e+01
   1.6200000e+02   1.6668023e+00   7.9507823e+00
   1.6300000e+02   1.5893070e+00   6.0557828e+00
   1.6400000e+02   1.4136844e+00   4.1897221e+00
   1.6500000e+02  -2.8811650e+00   2.4118942e+01
   1.6600000e+02  -1.0574306e+00   2.2018240e+01
   1.6700000e+02  -2.0645926e+00   1.8028782e+01
   1.6800000e+02   1.7620958e+00   1.1862157e+01
   1.6900000e+02   1.7138355e+00   9.9042864e+00
   1.7000000e+02  -1.9696138e+01  -6.6557445e+00
   1.7100000e+02   1.1038227e+00  -2.4485660e+00
   1.7200000e+02  -2.7172868e+00  -6.5022988e+00
   1.7300000e+02  -6.9496646e+00  -4.6807423e+00
   1.7400000e+02  -8.8777466e+00  -3.9448104e+00
   1.7500000e+02  -1.0745833e+01  -3.6789837e+00
   1.7600000e+02  -1.2649561e+01  -3.5303130e+00
   1.7700000e+02  -1.4555506e+01  -3.4259899e+00
   1.7800000e+02  -1.6435133e+01  -3.3398476e+00
   1.7900000e+02  -1.8278910e+01  -3.2637591e+00
   1.8000000e+02  -1.7827337e+01  -6.7247186e+00
   1.8100000e+02  -2.0078579e+01  -3.1997104e+00
   1.8200000e+02  -1.4968184e+00   1.4020660e+01
   1.8300000e+02  -1.5821172e+00   1.1919185e+01
   1.8400000e+02  -1.6473895e+00   9.9249573e+00
   1.8500000e+02  -1.7083354e+00   7.9902306e+00
   1.8600000e+02  -1.7597544e+00   6.1398683e+00
   1.8700000e+02  -1.7590337e+00   4.4271483e+00
   1.8800000e+02  -1.5723349e+00   2.8909395e+00
   1.8900000e+02   8.3578509e-01   2.1672494e+00
   1.9000000e+02   6.8218005e-01  -2.4104348e-01
   1.9100000e+02   1.1928376e+00  -4.4222775e+00
   1.9200000e+02   5.0853000e+00   2.7379210e+01
   1.9300000e+02   3.3651083e+00   2.6484339e+01
   1.9400000e+02   2.0385451e+00   1.6991871e+01
   1.9500000e+02  -2.1874760e+01  -3.2114275e+00
   1.9600000e+02  -2.1475077e+01  -6.5334430e+00
   1.9700000e+02   3.8797789e+00   2.0225443e+01
   1.9800000e+02   6.8013592e+00   2.6754223e+01
   1.9900000e+02   3.6335084e+00   2.3885038e+01
   2.0000000e+02  -2.3827477e+01  -3.4665990e+00
   2.0100000e+02   1.1804136e+00  -6.3037143e+00
   2.0200000e+02  -9.3873662e-01   2.6302914e+01
   2.0300000e+02   1.2292961e+01   2.8866325e+01
   2.0400000e+02  -2.5432940e+01  -4.9764376e+00
   2.0500000e+02  -2.3465664e+01  -4.5856938e+00
   2.0600000e+02   2.5010562e+00   2.1899475e+01
   2.0700000e+02   1.0253367e+00   1.7453089e+01
   2.0800000e+02  -2.0371010e+00  -2.6399082e-01
   2.0900000e+02  -2.5899553e+00  -4.8009400e+00
   2.1000000e+02  -8.4802742e+00  -5.7626162e+00
   2.1100000e+02  -9.7642050e+00  -5.4503436e+00
   2.1200000e+02  -1.1510540e+01  -5.2960501e+00
   2.1300000e+02  -1.3375834e+01  -5.1950278e+00
   2.1400000e+02  -1.3961394e-01   4.4876976e+00
   2.1500000e+02  -4.6523104e+00  -4.7752304e+00
   2.1600000e+02  -6.8237406e-01  -2.9164262e+00
   2.1700000e+02  -1.5269041e+01  -5.1136398e+00
   2.1800000e+02  -6.5630078e-02   6.1542158e+00
   2.1900000e+02  -1.0848925e+00  -1.3993216e+00
   2.2000000e+02  -1.0667982e+00   1.6208717e+00
   2.2100000e+02  -1.2416123e-02   7.9882774e+00
   2.2200000e+02   8.4801786e-02   1.1883949e+01
   2.2300000e+02   3.3732090e-02   9.9200001e+00
   2.2400000e+02   1.6411960e-01   1.3896588e+01
   2.2500000e+02   4.0828678e-01   1.5832887e+01
   2.2600000e+02   6.2548000e-01   2.0301069e+01
   2.2700000e+02  -1.5091382e-01   1.8186323e+01
   2.2800000e+02  -1.7141928e+01  -5.0428271e+00
   2.2900000e+02  -1.8970408e+01  -4.9722018e+00
   2.3000000e+02  -5.9437811e-01   2.4263607e+01
   2.3100000e+02   1.9105823e+00   1.8736151e+01
   2.3200000e+02  -2.2267799e+01  -4.7361555e+00
   2.3300000e+02   5.0841107e+00   2.5198748e+01
   2.3400000e+02  -6.6111338e-01  -4.6510396e+00
   2.3500000e+02  -2.3531175e+00  -1.9939441e+00
   2.3600000e+02   7.1716422e-01   2.1906799e+01
   2.3700000e+02   2.4258962e+00   2.3029923e+01
   2.3800000e+02  -4.2670317e+00  -2.9713812e+00
   2.3900000e+02  -2.4710689e+00  -3.2136631e+00
   2.4000000e+02  -2.9550574e+00   2.6103111e+01
   2.4100000e+02  -2.4406284e+01  -5.7874565e+00
   2.4200000e+02   1.1190001e+01   2.7602959e+01
   2.4300000e+02  -3.0056453e+00   2.8062460e+01
   2.4400000e+02  -2.8619568e+01  -4.7753134e+00
   2.4500000e+02  -2.7728453e+01  -2.3222816e+00
   2.4600000e+02  -2.6530188e+01  -2.0353825e+00
   2.4700000e+02  -2.4975317e+01  -1.6364346e+00
   2.4800000e+02  -2.8124073e+01  -3.5208149e+00
   2.4900000e+02   8.9939165e+00   2.7541290e+01
   2.5000000e+02   2.3391748e+00   2.0342255e+01
   2.5100000e+02   1.0400312e+01   2.8093359e+01
   2.5200000e+02  -8.0909562e-01   4.3539637e-01
   2.5300000e+02   2.3119676e+00   2.4786963e+01
   2.5400000e+02  -2.0704023e+01  -4.8751807e+00
   2.5500000e+02   8.1272823e-01   1.9105238e+01
   2.5600000e+02   9.8686588e-01   2.5321129e+01
   2.5700000e+02   1.1936902e+00   2.3480030e+01
   2.5800000e+02  -2.9302785e-01   3.2081323e+00
   2.5900000e+02   8.8777256e+00   2.5948406e+01
   2.6000000e+02   9.3625460e+00   2.7029768e+01
   2.6100000e+02   7.8976378e+00   2.7147757e+01
   2.6200000e+02   7.4128180e+00   2.6066395e+01
   2.6300000e+02  -1.0037396e+00   2.9077005e+01
   2.6400000e+02   6.2994957e-03   2.8212223e+01
   2.6500000e+02   1.0100391e+00   2.9135218e+01
   2.6600000e+02   0.0000000e+00   3.0000000e+01
   2.6700000e+02  -2.9260993e+00  -9.1232471e+00
   2.6800000e+02  -3.8572717e+00  -8.2634468e+00
   2.6900000e+02  -4.9311724e+00  -9.1401997e+00
   2.7000000e+02  -4.0000000e+00  -1.0000000e+01
   2.7100000e+02   4.1842051e+00   9.9637623e+00
   2.7200000e+02   3.3511982e+00   8.9383516e+00
   2.7300000e+02   4.1669931e+00   7.9745893e+00
   2.7400000e+02   5.0000000e+00   9.0000000e+00
   2.7500000e+02  -7.4530048e+00  -1.0823425e+00
   2.7600000e+02  -6.9900169e+00  -2.3413420e+00
   2.7700000e+02  -5.5370116e+00  -1.2589995e+00
   2.7800000e+02  -6.0000000e+00   0.0000000e+00
   2.7900000e+02  -2.4523270e+01  -8.9924355e+00
   2.8000000e+02  -2.4000000e+01  -1.0000000e+01
   2.8100000e+02  -2.2637886e+01  -9.1143227e+00
   2.8200000e+02  -2.3161156e+01  -8.1067581e+00
   2.8300000e+02  -2.7777851e+01  -9.1573477e+00
   2.8400000e+02  -2.6241318e+01  -8.5496740e+00
   2.8500000e+02  -2.6190807e+01  -7.0690365e+00
   2.8600000e+02  -2.7673966e+01  -7.5968285e+00
   2.8700000e+02  -2.1658791e+01  -2.3954001e+00
   2.8800000e+02  -2.0976669e+01  -3.2055688e+00
   2.8900000e+02  -1.9801937e+01  -2.3836427e+00
   2.9000000e+02  -2.0484058e+01  -1.5734738e+00
   2.9100000e+02  -2.9903927e+01  -5.9754515e+00
   2.9200000e+02  -2.8728203e+01  -6.2821016e+00
   2.9300000e+02  -2.8228287e+01  -5.2130494e+00
   2.9400000e+02  -2.9309784e+01  -4.8876567e+00
   2.9500000e+02  -2.3742828e+01  -6.0345593e+00
   2.9600000e+02  -2.4987751e+01  -6.6337032e+00
   2.9700000e+02  -2.4807879e+01  -7.7324095e+00
   2.9800000e+02  -2.3562958e+01  -7.1332660e+00
   2.9900000e+02  -2.6522541e+01  -2.9695134e+00
   3.0000000e+02  -2.5754032e+01  -3.4516973e+00
   3.0100000e+02  -2.4984242e+01  -2.3180926e+00
   3.0200000e+02  -2.5752752e+01  -1.8359085e+00
   3.0300000e+02   6.9668031e+00   2.9284161e+01
   3.0400000e+02   6.0000000e+00   3.0000000e+01
   3.0500000e+02   5.0156117e+00   2.9299183e+01
   3.0600000e+02   5.9824142e+00   2.8583345e+01
   3.0700000e+02   7.9041958e+00   2.8681967e+01
   3.0800000e+02   6.8674827e+00   2.7661274e+01
   3.0900000e+02   8.9343510e+00   2.8168449e+01
   3.1000000e+02   3.0375998e+00   2.9178961e+01
   3.1100000e+02   2.0000000e+00   3.0000000e+01
   3.1200000e+02   2.0476389e+00   2.8314179e+01
   3.1300000e+02   4.2252040e+00   2.6931774e+01
   3.1400000e+02   5.0582614e+00   2.7988789e+01
   3.1500000e+02   4.0532112e+00   2.8478146e+01
   3.1600000e+02   3.2201538e+00   2.7421131e+01
   3.1700000e+02  -3.0028226e+00   2.9031231e+01
   3.1800000e+02  -2.0065622e+00   2.8108234e+01
   3.1900000e+02  -2.0000000e+00   3.0000000e+01
   3.2000000e+02  -5.0000000e+00   2.9000000e+01
   3.2100000e+02  -4.0028229e+00   2.8031231e+01
   3.2200000e+02  -4.0000000e+00   3.0000000e+01
   3.2300000e+02  -5.0000000e+00   2.3000000e+01
   3.2400000e+02  -3.9912667e+00   2.2026505e+01
   3.2500000e+02  -2.9318490e+00   2.3085976e+01
   3.2600000e+02  -3.9405825e+00   2.4059471e+01
   3.2700000e+02   1.0303783e+00   2.7459007e+01
   3.2800000e+02   2.2028933e+00   2.6565960e+01
   3.2900000e+02  -1.9468970e+00   2.6203013e+01
   3.3000000e+02  -2.9181113e+00   2.5111027e+01
   3.3100000e+02  -1.7377715e+00   2.4191275e+01
   3.3200000e+02  -7.6655734e-01   2.5283260e+01
   3.3300000e+02  -3.0639420e+00   2.1024723e+01
   3.3400000e+02  -5.0000000e+00   2.1000000e+01
   3.3500000e+02  -4.0726752e+00   1.9998220e+01
   3.3600000e+02  -3.2627125e+00   1.9008915e+01
   3.3700000e+02  -5.0000000e+00   1.9000000e+01
   3.3800000e+02  -4.1900368e+00   1.8010695e+01
   3.3900000e+02  -3.3136907e+00   1.7051197e+01
   3.4000000e+02  -5.0000000e+00   1.7000000e+01
   3.4100000e+02  -4.1236539e+00   1.6040505e+01
   3.4200000e+02  -3.2339587e+00   1.5045050e+01
   3.4300000e+02  -5.0000000e+00   1.5000000e+01
   3.4400000e+02  -4.1103048e+00   1.4004547e+01
   3.4500000e+02  -3.2454936e+00   1.2982414e+01
   3.4600000e+02  -5.0000000e+00   1.3000000e+01
   3.4700000e+02  -4.1351886e+00   1.1977867e+01
   3.4800000e+02  -3.2977662e+00   1.0955913e+01
   3.4900000e+02  -5.0000000e+00   1.1000000e+01
   3.5000000e+02  -4.1625776e+00   9.9780464e+00
   3.5100000e+02  -3.3939447e+00   7.0301886e+00
   3.5200000e+02  -4.1879177e+00   7.9975071e+00
   3.5300000e+02  -5.0000000e+00   7.0000000e+00
   3.5400000e+02  -4.2060270e+00   6.0326815e+00
   3.5500000e+02  -3.4005580e+00   5.1362181e+00
   3.5600000e+02  -5.0000000e+00   5.0000000e+00
   3.5700000e+02  -4.1945310e+00   4.1035366e+00
   3.5800000e+02  -3.3007395e+00   3.3311665e+00
   3.5900000e+02  -5.0000000e+00   3.0000000e+00
   3.6000000e+02  -4.1062083e+00   2.2276301e+00
   3.6100000e+02  -3.0127158e+00   1.7298914e+00
   3.6200000e+02  -5.0000000e+00   1.0000000e+00
   3.6300000e+02  -3.9065073e+00   5.0226128e-01
   3.6400000e+02  -6.9860268e-01  -5.5408392e+00
   3.6500000e+02  -1.6255343e+00  -4.7259898e+00
   3.6600000e+02  -2.6536212e+00  -5.6516194e+00
   3.6700000e+02  -1.7266895e+00  -6.4664688e+00
   3.6800000e+02  -9.4295330e+00  -9.7175378e-01
   3.6900000e+02  -8.8825388e+00  -2.0540962e+00
   3.7000000e+02  -8.0000000e+00   0.0000000e+00
   3.7100000e+02  -1.1412676e+01  -9.0594798e-01
   3.7200000e+02  -1.0842209e+01  -1.8777018e+00
   3.7300000e+02  -1.0000000e+01   0.0000000e+00
   3.7400000e+02  -1.3386852e+01  -8.6022574e-01
   3.7500000e+02  -1.2799528e+01  -1.7661737e+00
   3.7600000e+02  -1.2000000e+01   0.0000000e+00
   3.7700000e+02  -1.5349745e+01  -8.2446891e-01
   3.7800000e+02  -1.4736597e+01  -1.6846947e+00
   3.7900000e+02  -1.4000000e+01   0.0000000e+00
   3.8000000e+02  -1.7306314e+01  -7.9775768e-01
   3.8100000e+02  -1.6656059e+01  -1.6222266e+00
   3.8200000e+02  -1.6000000e+01   0.0000000e+00
   3.8300000e+02  -1.9262648e+01  -7.8378755e-01
   3.8400000e+02  -1.8568962e+01  -1.5815452e+00
   3.8500000e+02  -1.8000000e+01   0.0000000e+00
   3.8600000e+02  -2.1221409e+01  -7.8968626e-01
   3.8700000e+02  -2.0000000e+01   0.0000000e+00
   3.8800000e+02  -2.0695232e+01  -9.1700573e+00
   3.8900000e+02  -2.0000000e+01  -1.0000000e+01
   3.9000000e+02  -1.8731102e+01  -9.1940775e+00
   3.9100000e+02  -1.9426333e+01  -8.3641338e+00
   3.9200000e+02  -2.7324703e+01  -6.1544542e+00
   3.9300000e+02  -2.6122669e+01  -5.8172808e+00
   3.9400000e+02  -2.5973917e+01  -4.4400406e+00
   3.9500000e+02  -2.7175951e+01  -4.7772150e+00
   3.9600000e+02   4.0000000e+00  -1.0000000e+01
   3.9700000e+02   5.0000000e+00  -9.0000000e+00
   3.9800000e+02   4.0306392e+00  -8.0431061e+00
   3.9900000e+02   3.0306392e+00  -9.0431061e+00
   4.0000000e+02   2.0844469e+00  -8.1240120e+00
   4.0100000e+02   1.0538079e+00  -9.0809059e+00
   4.0200000e+02   2.0000000e+00  -1.0000000e+01
   4.0300000e+02   1.1483302e+00  -3.4354217e+00
   4.0400000e+02   2.1210785e+00  -4.3060932e+00
   4.0500000e+02   3.0070915e+00  -3.1776571e+00
   4.0600000e+02   2.0343430e+00  -2.3069856e+00
   4.0700000e+02  -9.2915267e-01  -9.1075458e+00
   4.0800000e+02  -1.8552518e+00  -8.2307930e+00
   4.0900000e+02  -2.0000000e+00  -1.0000000e+01
   4.1000000e+02  -5.8425498e+00  -8.3194933e+00
   4.1100000e+02  -6.9113774e+00  -9.1792927e+00
   4.1200000e+02  -6.0000000e+00  -1.0000000e+01
   4.1300000e+02  -4.8105507e+00  -7.4060764e+00
   4.1400000e+02  -5.7427588e+00  -6.5909357e+00
   4.1500000e+02  -6.7747579e+00  -7.5043526e+00
   4.1600000e+02  -8.6159039e+00  -7.7159538e+00
   4.1700000e+02  -7.7741470e+00  -8.4106569e+00
   4.1800000e+02  -7.6165152e+00  -6.8096495e+00
   4.1900000e+02  -9.4059486e+00  -6.9847689e+00
   4.2000000e+02  -1.0486260e+01  -7.7468805e+00
   4.2100000e+02  -9.6962166e+00  -8.4780655e+00
   4.2200000e+02  -1.1219713e+01  -6.9579415e+00
   4.2300000e+02  -1.2371161e+01  -7.6940146e+00
   4.2400000e+02  -1.1637709e+01  -8.4829540e+00
   4.2500000e+02  -1.3076843e+01  -6.8763051e+00
   4.2600000e+02  -1.4288543e+01  -7.6382065e+00
   4.2700000e+02  -1.3582861e+01  -8.4559164e+00
   4.2800000e+02  -1.4976600e+01  -6.8073392e+00
   4.2900000e+02  -1.6224012e+01  -7.5954456e+00
   4.3000000e+02  -1.5535955e+01  -8.4263134e+00
   4.3100000e+02   1.4823273e+00   2.0321663e+01
   4.3200000e+02   7.1910411e-01   1.9703154e+01
   4.3300000e+02   1.3616552e+00   1.8920694e+01
   4.3400000e+02   2.1248784e+00   1.9539204e+01
   4.3500000e+02   1.4679595e+00   1.8094620e+01
   4.3600000e+02   1.5319409e+00   1.7222481e+01
   4.3700000e+02   2.6809816e+00   1.7456661e+01
   4.3800000e+02   2.6170003e+00   1.8328800e+01
   4.3900000e+02  -1.6946887e+00   1.7226009e+01
   4.4000000e+02  -7.3784929e-01   1.7304779e+01
   4.4100000e+02  -6.7938256e-01   1.8955210e+01
   4.4200000e+02  -1.6362219e+00   1.8876438e+01
   4.4300000e+02   1.9019957e+00   1.4702663e+01
   4.4400000e+02   1.1874524e+00   1.5717119e+01
   4.4500000e+02   2.8620321e-01   1.4864738e+01
   4.4600000e+02   1.0007465e+00   1.3850282e+01
   4.4700000e+02   2.6438682e+00   1.3836862e+01
   4.4800000e+02   3.4715564e+00   1.4840805e+01
   4.4900000e+02   2.7296839e+00   1.5706608e+01
   4.5000000e+02   4.2015514e+00   1.1952072e+01
   4.5100000e+02   3.3857563e+00   1.0915834e+01
   4.5200000e+02   5.0000000e+00   1.1000000e+01
   4.5300000e+02   3.3035915e+00   6.9653444e+00
   4.5400000e+02   4.1365981e+00   5.9907551e+00
   4.5500000e+02   5.0000000e+00   7.0000000e+00
   4.5600000e+02   2.5003946e+00   7.9499803e+00
   4.5700000e+02   1.6280546e+00   7.0032825e+00
   4.5800000e+02   2.4312515e+00   6.0186462e+00
   4.5900000e+02   1.5014956e+00   5.1227522e+00
   4.6000000e+02   2.2786276e+00   4.0961871e+00
   4.6100000e+02   3.2083836e+00   4.9920812e+00
   4.6200000e+02   3.9285910e+00  -3.8974326e-02
   4.6300000e+02   2.9110227e+00  -1.1216769e+00
   4.6400000e+02   3.9824317e+00  -2.0827026e+00
   4.6500000e+02   5.0000000e+00  -1.0000000e+00
   4.6600000e+02   4.0246596e+00  -4.0949545e+00
   4.6700000e+02   5.0000000e+00  -3.0000000e+00
   4.6800000e+02   3.0640073e+00  -5.1696672e+00
   4.6900000e+02   4.0393476e+00  -6.0747127e+00
   4.7000000e+02   5.0000000e+00  -5.0000000e+00
   4.7100000e+02   3.0699868e+00  -7.1178188e+00
   4.7200000e+02   5.0000000e+00  -7.0000000e+00
   4.7300000e+02   8.9373932e+00   2.9397804e+01
   4.7400000e+02   8.0000000e+00   3.0000000e+01
   4.7500000e+02   9.7624245e+00   2.8898792e+01
   4.7600000e+02   1.0825032e+01   2.9500986e+01
   4.7700000e+02   1.0000000e+01   3.0000000e+01
   4.7800000e+02   1.2646481e+01   2.9433163e+01
   4.7900000e+02   1.2932195e+01   2.8718876e+01
   4.8000000e+02   1.4285714e+01   2.9285713e+01
   4.8100000e+02   1.4000000e+01   3.0000000e+01
   4.8200000e+02   1.2000000e+01   3.0000000e+01
   4.8300000e+02   1.1471513e+01   2.8934149e+01
   4.8400000e+02  -2.8131992e+01  -1.8933738e+00
   4.8500000e+02  -2.7129320e+01  -2.1788321e+00
   4.8600000e+02  -2.6721802e+01  -1.2079924e+00
   4.8700000e+02  -2.7777851e+01  -8.4265208e-01
   4.8800000e+02  -2.5975452e+01  -9.9039259e+00
   4.8900000e+02  -2.9157349e+01  -7.7778511e+00
   4.9000000e+02  -2.8371820e+01  -4.1480641e+00
   4.9100000e+02  -2.7319485e+01  -3.7122295e+00
   4.9200000e+02  -2.3148783e+01  -8.0264139e-01
   4.9300000e+02  -2.2370193e+01  -1.5923276e+00
   4.9400000e+02  -2.2000000e+01   0.0000000e+00
   4.9500000e+02  -2.4987659e+01  -8.1821728e-01
   4.9600000e+02  -2.5975452e+01  -9.6073657e-02
   4.9700000e+02  -8.8627701e+00  -9.2313633e+00
   4.9800000e+02  -8.0000000e+00  -1.0000000e+01
   4.9900000e+02   4.0000000e+00   3.0000000e+01
   5.0000000e+02   8.6549950e+00   2.4832142e+01
   5.0100000e+02   1.0000000e+01   2.5000000e+01
   5.0200000e+02   1.0222731e+01   2.6116264e+01
   5.0300000e+02   7.2142592e+00   2.4679714e+01
   5.0400000e+02   7.1306920e+00   2.3419003e+01
   5.0500000e+02   8.5714292e+00   2.3571428e+01
   5.0600000e+02   4.3588095e+00   2.4541893e+01
   5.0700000e+02   4.2246094e+00   2.5841543e+01
   5.0800000e+02   2.8385379e+00   2.5635651e+01
   5.0900000e+02   2.9727380e+00   2.4336000e+01
   5.1000000e+02  -8.2590437e-01   2.3140922e+01
   5.1100000e+02  -2.0199819e+00   2.2035624e+01
   5.1200000e+02  -5.0000000e+00   2.7000000e+01
   5.1300000e+02  -3.9775286e+00   2.6051556e+01
   5.1400000e+02  -2.9803515e+00   2.7082787e+01
   5.1500000e+02  -2.1766009e+00   1.9860268e+01
   5.1600000e+02  -1.1326410e+00   2.0871168e+01
   5.1700000e+02   4.3721145e-01   1.7819706e+01
   5.1800000e+02  -4.5824897e-01   1.6128061e+01
   5.1900000e+02   7.1681178e-01   1.6642988e+01
   5.2000000e+02   4.1617093e+00   1.7960724e+01
   5.2100000e+02   3.4080842e+00   1.6866657e+01
   5.2200000e+02   4.2463751e+00   1.5905931e+01
   5.2300000e+02   5.0000000e+00   1.7000000e+01
   5.2400000e+02   4.2251816e+00   1.3934874e+01
   5.2500000e+02   5.0000000e+00   1.5000000e+01
   5.2600000e+02   3.4267330e+00   1.2886946e+01
   5.2700000e+02   5.0000000e+00   1.3000000e+01
   5.2800000e+02  -3.3504953e+00   8.9755535e+00
   5.2900000e+02  -5.0000000e+00   9.0000000e+00
   5.3000000e+02   1.7997346e+00   1.2833066e+01
   5.3100000e+02   2.5825994e+00   1.1883150e+01
   5.3200000e+02  -7.4865770e-01   1.1901568e+01
   5.3300000e+02  -1.6147534e+00   1.0922071e+01
   5.3400000e+02  -8.0682874e-01   9.9224787e+00
   5.3500000e+02   5.9266940e-02   1.0901975e+01
   5.3600000e+02   4.0717855e+00   4.0013261e+00
   5.3700000e+02   5.0000000e+00   5.0000000e+00
   5.3800000e+02   3.0377617e+00   3.0030093e+00
   5.3900000e+02   3.9659762e+00   2.0016832e+00
   5.4000000e+02   5.0000000e+00   3.0000000e+00
   5.4100000e+02  -4.2171111e+00  -6.3573241e-01
   5.4200000e+02  -5.1705275e+00  -2.7446899e+00
   5.4300000e+02  -3.8506270e+00  -2.1214230e+00
   5.4400000e+02   2.8945673e+00   9.6270901e-01
   5.4500000e+02   5.0000000e+00   1.0000000e+00
   5.4600000e+02  -1.0833447e+01  -9.2467012e+00
   5.4700000e+02  -1.0000000e+01  -1.0000000e+01
   5.4800000e+02  -1.2804262e+01  -9.2362518e+00
   5.4900000e+02  -1.2000000e+01  -1.0000000e+01
   5.5000000e+02  -1.4778599e+01  -9.2196636e+00
   5.5100000e+02  -1.4000000e+01  -1.0000000e+01
   5.5200000e+02  -1.6757357e+01  -9.2066498e+00
   5.5300000e+02  -1.6000000e+01  -1.0000000e+01
   5.5400000e+02  -1.7488457e+01  -8.4007263e+00
   5.5500000e+02  -1.8000000e+01  -1.0000000e+01
   5.5600000e+02  -2.1333116e+01  -8.2843800e+00
   5.5700000e+02  -2.0043301e+01  -7.4979291e+00
   5.5800000e+02  -2.0585607e+01  -6.5945940e+00
   5.5900000e+02  -2.1875423e+01  -7.3810444e+00
   5.6000000e+02  -2.4000000e+01   0.0000000e+00
   5.6100000e+02  -2.4136440e+01  -1.6208587e+00
   5.6200000e+02  -2.3562521e+01  -2.5359409e+00
   5.6300000e+02  -2.2851118e+01  -3.3390131e+00
   5.6400000e+02  -2.2000000e+01  -1.0000000e+01
   5.6500000e+02  -2.4630207e+01  -4.2215185e+00
   5.6600000e+02  -2.4410322e+01  -3.2331748e+00
   5.6700000e+02   0.0000000e+00  -1.0000000e+01
   5.6800000e+02   1.2465519e-01  -8.1884518e+00
   5.6900000e+02  -1.7190050e+00  -1.6966329e+00
   5.7000000e+02  -1.5609968e+00  -8.3165622e-01
   5.7100000e+02  -2.7356615e+00  -7.6772785e-01
   5.7200000e+02  -2.8936698e+00  -1.6327045e+00
   5.7300000e+02  -2.7847426e+00  -7.3743963e+00
   5.7400000e+02  -7.9719865e-01  -7.3228660e+00
   5.7500000e+02  -3.6211329e+00  -4.7880850e+00
   5.7600000e+02  -2.5305121e+00  -4.0073013e+00
   5.7700000e+02  -3.3690503e+00  -3.0925221e+00
   5.7800000e+02  -4.4596710e+00  -3.8733058e+00
   5.7900000e+02  -5.8009872e+00  -4.7279863e+00
   5.8000000e+02  -6.8382130e+00  -5.6654306e+00
   5.8100000e+02  -4.7055340e+00  -5.6534915e+00
   5.8200000e+02  -9.1222401e+00  -5.6064796e+00
   5.8300000e+02  -1.0034916e+01  -6.2253509e+00
   5.8400000e+02  -8.4932718e+00  -6.3658981e+00
   5.8500000e+02  -1.0637373e+01  -5.3731966e+00
   5.8600000e+02  -1.1822170e+01  -6.1057873e+00
   5.8700000e+02  -1.2443187e+01  -5.2455387e+00
   5.8800000e+02  -1.3697861e+01  -6.0160565e+00
   5.8900000e+02  -1.4912273e+01  -4.2698150e+00
   5.9000000e+02  -1.5495319e+01  -3.3829188e+00
   5.9100000e+02  -1.6788530e+01  -4.1913376e+00
   5.9200000e+02  -1.6205484e+01  -5.0782337e+00
   5.9300000e+02  -1.7357021e+01  -3.3018034e+00
   5.9400000e+02  -1.8624659e+01  -4.1179805e+00
   5.9500000e+02  -1.8056168e+01  -5.0075145e+00
   5.9600000e+02  -1.6880325e+01  -6.7511559e+00
   5.9700000e+02  -1.8144770e+01  -7.5564365e+00
   5.9800000e+02  -1.9178745e+01  -3.2317348e+00
   5.9900000e+02  -1.7945770e+01  -2.4296372e+00
   6.0000000e+02  -2.2673586e+01  -5.5089087e+00
   6.0100000e+02  -2.2866732e+01  -4.6609249e+00
   6.0200000e+02  -2.3935974e+01  -5.1865749e+00
   6.0300000e+02   5.0000000e+00   1.9000000e+01
   6.0400000e+02   4.4398894e+00   2.0112720e+01
   6.0500000e+02   3.6015987e+00   1.9073446e+01
   6.0600000e+02   4.2620463e+00   2.1279766e+01
   6.0700000e+02   5.7142859e+00   2.0714285e+01
   6.0800000e+02   5.5364428e+00   2.1881329e+01
   6.0900000e+02  -6.6634941e-01   1.3958624e+01
   6.1000000e+02  -1.4108017e+00   1.5221948e+01
   6.1100000e+02  -1.5394678e+00   1.2969923e+01
   6.1200000e+02   1.2446070e-01   1.2890268e+01
   6.1300000e+02  -1.6778624e+00   8.9575939e+00
   6.1400000e+02  -8.6037576e-01   7.9892540e+00
   6.1500000e+02   1.0657983e-02   8.9541388e+00
   6.1600000e+02  -2.5420854e+00   7.9926224e+00
   6.1700000e+02  -2.4862723e+00   9.9405250e+00
   6.1800000e+02  -1.7340449e+00   7.0650492e+00
   6.1900000e+02  -9.1269225e-01   6.1470423e+00
   6.2000000e+02  -3.9023101e-02   7.0712466e+00
   6.2100000e+02  -1.7593941e+00   5.2835083e+00
   6.2200000e+02  -9.4932383e-01   4.4574232e+00
   6.2300000e+02  -1.0262201e-01   5.3209567e+00
   6.2400000e+02  -1.6656842e+00   3.6590438e+00
   6.2500000e+02  -9.3268138e-01   3.0495358e+00
   6.2600000e+02  -2.1632090e-01   3.8479149e+00
   6.2700000e+02   1.1247348e+00   3.1784859e+00
   6.2800000e+02   1.8838688e+00   2.0853081e+00
   6.2900000e+02  -1.1550656e-01   1.8940606e+00
   6.3000000e+02   2.7137864e-01   2.6876907e+00
   6.3100000e+02  -1.3195665e+00   2.2559056e+00
   6.3200000e+02  -2.4120932e+00  -2.6038036e+00
   6.3300000e+02  -1.5767214e+00  -3.0650446e+00
   6.3400000e+02  -8.8363326e-01  -2.1578739e+00
   6.3500000e+02  -6.7174375e-01  -3.7837329e+00
   6.3600000e+02   2.6586211e-01  -4.5366583e+00
   6.3700000e+02   2.1072432e-01  -2.6824961e+00
   6.3800000e+02   1.1866256e+00  -5.3629961e+00
   6.3900000e+02   2.1295543e+00  -6.2265701e+00
   6.4000000e+02   1.1440146e+00  -7.2327623e+00
   6.4100000e+02   1.1428572e+01   2.6428572e+01
   6.4200000e+02   1.1666430e+01   2.7372908e+01
   6.4300000e+02   1.0460589e+01   2.7060602e+01
   6.4400000e+02   1.1741481e+01   2.8234642e+01
   6.4500000e+02   1.0525188e+01   2.8547665e+01
   6.4600000e+02   1.0795156e+01   2.7848160e+01
   6.4700000e+02   7.1428576e+00   2.2142857e+01
   6.4800000e+02   5.5242777e+00   2.3157474e+01
   6.4900000e+02   5.9433298e+00   2.7066715e+01
   6.5000000e+02  -2.2277226e+01  -6.4075527e+00
   6.5100000e+02  -2.4250579e+00   3.7026587e-01
   6.5200000e+02  -6.5118437e+00  -3.5993705e+00
   6.5300000e+02  -9.7310793e-01   2.7228462e+01
   6.5400000e+02   5.0970882e-02   2.6475246e+01
   6.5500000e+02   3.3090720e-01   1.8645781e+01
   6.5600000e+02   2.2216079e-01  -6.3671770e+00
   6.5700000e+02  -3.7380219e+00  -6.5170259e+00
   6.5800000e+02  -8.3918781e+00  -3.0547476e+00
   6.5900000e+02  -7.9137058e+00  -4.3127766e+00
   6.6000000e+02  -1.0302450e+01  -2.8112457e+00
   6.6100000e+02  -9.8117905e+00  -3.8118970e+00
   6.6200000e+02  -1.2237456e+01  -2.6711044e+00
   6.6300000e+02  -1.1697697e+01  -3.6046484e+00
   6.6400000e+02  -1.4164604e+01  -2.5732207e+00
   6.6500000e+02  -1.3602533e+01  -3.4781513e+00
   6.6600000e+02  -1.6067312e+01  -2.4943926e+00
   6.6700000e+02  -2.7223334e+00   1.8025085e+01
   6.6800000e+02  -2.2860460e+00   1.6252121e+01
   6.6900000e+02  -2.3587143e+00   1.4014877e+01
   6.7000000e+02  -2.4262471e+00   1.1937460e+01
   6.7100000e+02   2.0025816e+00   1.6296612e+01
   6.7200000e+02   2.5411224e+00   9.9159050e+00
   6.7300000e+02   1.6903188e+00   8.9275341e+00
   6.7400000e+02  -2.5859041e+00   6.1026154e+00
   6.7500000e+02  -2.5740480e+00   4.3171105e+00
   6.7600000e+02  -2.3923759e+00   2.6731000e+00
   6.7700000e+02  -5.0000000e+00   2.5000000e+01
   6.7800000e+02   1.9624388e-01   2.4792368e+01
   6.7900000e+02   2.9965603e-01   2.3871819e+01
   6.8000000e+02   1.7528288e+00   2.4133495e+01
   6.8100000e+02   1.6494167e+00   2.5054047e+01
   6.8200000e+02   1.7379656e+00   1.0883222e+01
   6.8300000e+02  -1.8761738e+01  -6.6902313e+00
   6.8400000e+02  -2.2071279e+01  -3.9737916e+00
   6.8500000e+02  -2.3646570e+01  -4.0261464e+00
   6.8600000e+02   1.7696810e+00  -1.5949607e-01
   6.8700000e+02   8.9300138e-01  -1.3448048e+00
   6.8800000e+02  -9.3209763e+00  -4.6975770e+00
   6.8900000e+02  -7.7149696e+00  -5.2216792e+00
   6.9000000e+02  -1.1128187e+01  -4.4875169e+00
   6.9100000e+02  -1.3012697e+01  -4.3626704e+00
   6.9200000e+02  -1.4322437e+01  -5.1543341e+00
   6.9300000e+02  -1.7484633e+01  -5.8837728e+00
   6.9400000e+02  -1.9333273e+01  -5.8139734e+00
   6.9500000e+02  -1.5601177e+01  -5.9456167e+00
   6.9600000e+02  -2.1485912e+01  -4.8056679e+00
   6.9700000e+02  -2.0391300e+01  -4.0374456e+00
   6.9800000e+02  -1.9399064e+00   1.3126972e+00
   6.9900000e+02  -1.4230983e+00   8.5702777e-02
   7.0000000e+02  -2.0135623e-01  -8.2018250e-01
   7.0100000e+02  -6.3457787e-02   9.7176447e-02
   7.0200000e+02   7.5898254e-01   9.6310300e-01
   7.0300000e+02   6.3703519e-01   4.3387098e+00
   7.0400000e+02   5.9427347e+00   2.5976486e+01
   7.0500000e+02   1.8097932e+00   2.3254976e+01
   7.0600000e+02   3.0297022e+00   2.3457481e+01
   7.0700000e+02   3.1094768e+00   2.0283848e+01
   7.0800000e+02  -2.1089550e+01  -5.7043118e+00
   7.0900000e+02   3.5726850e+00   2.2116781e+01
   7.1000000e+02   4.1389112e+00   2.3109562e+01
   7.1100000e+02   2.4634762e+00   2.2464699e+01
   7.1200000e+02   5.7441759e+00   2.4589804e+01
   7.1300000e+02  -2.4919613e+01  -5.3819470e+00
   7.1400000e+02   1.2857142e+01   2.7857143e+01
   7.1500000e+02   9.5542717e-01   2.2693415e+01
   7.1600000e+02   1.6091102e+00   2.1903137e+01
   7.1700000e+02   2.4201155e+00   2.1120865e+01
   7.1800000e+02  -9.3794692e-01   1.0281340e+00
   7.1900000e+02   7.6183844e-01   6.1049995e+00
   7.2000000e+02   8.2719308e-01   7.9695301e+00
   7.2100000e+02   8.7378377e-01   9.9121437e+00
   7.2200000e+02   9.2344880e-01   1.1873053e+01
   7.2300000e+02   6.7132211e-01   2.1103935e+01
   7.2400000e+02  -1.7013320e-01   2.1962521e+01
   7.2500000e+02  -2.9118565e-01   2.0012583e+01
   7.2600000e+02  -1.9837215e+01  -4.9236913e+00
   7.2700000e+02   1.0137721e+00   2.5984356e+01
   7.2800000e+02  -2.9903927e+01  -4.0245485e+00
   7.2900000e+02  -2.8871735e+01  -3.3036990e+00
   7.3000000e+02  -2.7926262e+01  -2.9215484e+00
   7.3100000e+02  -2.9157349e+01  -2.2221489e+00
   7.3200000e+02   9.6971140e+00   2.7817326e+01
