   1.0000000e+00   1.5000000e+01   3.0000000e+01
   2.0000000e+00  -5.0000000e+00   3.0000000e+01
   3.0000000e+00  -5.0000000e+00   0.0000000e+00
   4.0000000e+00  -2.5000000e+01   0.0000000e+00
   5.0000000e+00  -2.6913418e+01  -9.6193981e+00
   6.0000000e+00  -2.8535534e+01  -8.5355339e+00
   7.0000000e+00  -2.9619398e+01  -6.9134173e+00
   8.0000000e+00  -3.0000000e+01  -5.0000000e+00
   9.0000000e+00  -2.9619398e+01  -3.0865829e+00
   1.0000000e+01  -2.8535534e+01  -1.4644661e+00
   1.1000000e+01  -2.6913418e+01  -3.8060233e-01
   1.2000000e+01  -2.5000000e+01  -1.0000000e+01
   1.3000000e+01   5.0000000e+00  -1.0000000e+01
   1.4000000e+01   5.0000000e+00   2.0000000e+01
   1.5000000e+01   1.3000000e+01   3.0000000e+01
   1.6000000e+01   1.1000000e+01   3.0000000e+01
   1.7000000e+01   9.0000000e+00   3.0000000e+01
   1.8000000e+01   7.0000000e+00   3.0000000e+01
   1.9000000e+01   5.0000000e+00   3.0000000e+01
   2.0000000e+01   3.0000000e+00   3.0000000e+01
   2.1000000e+01   1.0000000e+00   3.0000000e+01
   2.2000000e+01  -1.0000000e+00   3.0000000e+01
   2.3000000e+01  -3.0000000e+00   3.0000000e+01
   2.4000000e+01  -5.0000000e+00   2.8000000e+01
   2.5000000e+01  -5.0000000e+00   2.6000000e+01
   2.6000000e+01  -5.0000000e+00   2.4000000e+01
   2.7000000e+01  -5.0000000e+00   2.2000000e+01
   2.8000000e+01  -5.0000000e+00   2.0000000e+01
   2.9000000e+01  -5.0000000e+00   1.8000000e+01
   3.0000000e+01  -5.0000000e+00   1.6000000e+01
   3.1000000e+01  -5.0000000e+00   1.4000000e+01
   3.2000000e+01  -5.0000000e+00   1.2000000e+01
   3.3000000e+01  -5.0000000e+00   1.0000000e+01
   3.4000000e+01  -5.0000000e+00   8.0000000e+00
   3.5000000e+01  -5.0000000e+00   6.0000000e+00
   3.6000000e+01  -5.0000000e+00   4.0000000e+00
   3.7000000e+01  -5.0000000e+00   2.0000000e+00
   3.8000000e+01  -7.0000000e+00   0.0000000e+00
   3.9000000e+01  -9.0000000e+00   0.0000000e+00
   4.0000000e+01  -1.1000000e+01   0.0000000e+00
   4.1000000e+01  -1.3000000e+01   0.0000000e+00
   4.2000000e+01  -1.5000000e+01   0.0000000e+00
   4.3000000e+01  -1.7000000e+01   0.0000000e+00
   4.4000000e+01  -1.9000000e+01   0.0000000e+00
   4.5000000e+01  -2.1000000e+01   0.0000000e+00
   4.6000000e+01  -2.3000000e+01   0.0000000e+00
   4.7000000e+01   3.0000000e+00  -1.0000000e+01
   4.8000000e+01   1.0000000e+00  -1.0000000e+01
   4.9000000e+01  -1.0000000e+00  -1.0000000e+01
   5.0000000e+01  -3.0000000e+00  -1.0000000e+01
   5.1000000e+01  -5.0000000e+00  -1.0000000e+01
   5.2000000e+01  -7.0000000e+00  -1.0000000e+01
   5.3000000e+01  -9.0000000e+00  -1.0000000e+01
   5.4000000e+01  -1.1000000e+01  -1.0000000e+01
   5.5000000e+01  -1.3000000e+01  -1.0000000e+01
   5.6000000e+01  -1.5000000e+01  -1.0000000e+01
   5.7000000e+01  -1.7000000e+01  -1.0000000e+01
   5.8000000e+01  -1.9000000e+01  -1.0000000e+01
   5.9000000e+01  -2.1000000e+01  -1.0000000e+01
   6.0000000e+01  -2.3000000e+01  -1.0000000e+01
   6.1000000e+01   5.0000000e+00   1.8000000e+01
   6.2000000e+01   5.0000000e+00   1.6000000e+01
   6.3000000e+01   5.0000000e+00   1.4000000e+01
   6.4000000e+01   5.0000000e+00   1.2000000e+01
   6.5000000e+01   5.0000000e+00   1.0000000e+01
   6.6000000e+01   5.0000000e+00   8.0000000e+00
   6.7000000e+01   5.0000000e+00   6.0000000e+00
   6.8000000e+01   5.0000000e+00   4.0000000e+00
   6.9000000e+01   5.0000000e+00   2.0000000e+00
   7.0000000e+01   5.0000000e+00   0.0000000e+00
   7.1000000e+01   5.0000000e+00  -2.0000000e+00
   7.2000000e+01   5.0000000e+00  -4.0000000e+00
   7.3000000e+01   5.0000000e+00  -6.0000000e+00
   7.4000000e+01   5.0000000e+00  -8.0000000e+00
   7.5000000e+01   6.4285712e+00   2.1428572e+01
   7.6000000e+01   7.8571429e+00   2.2857143e+01
   7.7000000e+01   9.2857142e+00   2.4285715e+01
   7.8000000e+01   1.0714286e+01   2.5714285e+01
   7.9000000e+01   1.2142858e+01   2.7142857e+01
   8.0000000e+01   1.3571428e+01   2.8571428e+01
   8.1000000e+01  -2.6333637e+01  -7.7665911e+00
   8.2000000e+01  -2.8222687e+01  -6.4382434e+00
   8.3000000e+01  -2.8117565e+01  -4.6058884e+00
   8.4000000e+01  -2.6159143e+01  -2.1003733e+00
   8.5000000e+01   7.9441919e+00   2.8160109e+01
   8.6000000e+01  -3.1911824e+00   2.7296276e+01
   8.7000000e+01  -5.9407468e+00  -1.5613558e+00
   8.8000000e+01  -3.2801094e+00   6.9999967e+00
   8.9000000e+01  -7.9821487e+00  -1.6238655e+00
   9.0000000e+01   5.9406996e+00   2.8213177e+01
   9.1000000e+01   3.9657631e+00   2.8194550e+01
   9.2000000e+01   1.9685098e+00   2.8187632e+01
   9.3000000e+01  -9.2546986e-03   2.8211081e+01
   9.4000000e+01  -3.1930616e+00   2.5120888e+01
   9.5000000e+01  -3.2414029e+00   2.3041927e+01
   9.6000000e+01  -3.2672117e+00   2.1015770e+01
   9.7000000e+01  -3.2901590e+00   1.9003012e+01
   9.8000000e+01  -3.2984881e+00   1.6999592e+01
   9.9000000e+01  -3.2950747e+00   1.4999457e+01
   1.0000000e+02  -3.2895033e+00   1.2999745e+01
   1.0100000e+02  -3.2851739e+00   1.0999916e+01
   1.0200000e+02  -3.2854047e+00   8.9999752e+00
   1.0300000e+02  -3.2881706e+00   4.9999990e+00
   1.0400000e+02  -3.3245020e+00   2.9874632e+00
   1.0500000e+02  -3.4186385e+00   9.2717916e-01
   1.0600000e+02  -9.9943371e+00  -1.6421465e+00
   1.0700000e+02  -1.1998230e+01  -1.6472879e+00
   1.0800000e+02  -1.3999469e+01  -1.6486880e+00
   1.0900000e+02  -1.5999893e+01  -1.6490552e+00
   1.1000000e+02  -1.8000517e+01  -1.6548574e+00
   1.1100000e+02  -1.9994421e+01  -1.6700496e+00
   1.1200000e+02  -2.1960701e+01  -1.7054347e+00
   1.1300000e+02  -2.4020590e+01  -8.0557976e+00
   1.1400000e+02  -2.3926706e+01  -1.8235329e+00
   1.1500000e+02   2.2977712e+00  -8.1896210e+00
   1.1600000e+02   1.2305947e-01  -8.1826744e+00
   1.1700000e+02  -1.9580219e+00  -8.2209616e+00
   1.1800000e+02  -3.9847119e+00  -8.2463646e+00
   1.1900000e+02  -5.9952378e+00  -8.2685194e+00
   1.2000000e+02  -7.9981499e+00  -8.2776318e+00
   1.2100000e+02  -9.9991131e+00  -8.2813158e+00
   1.2200000e+02  -1.1999618e+01  -8.2825079e+00
   1.2300000e+02  -1.3999858e+01  -8.2828665e+00
   1.2400000e+02  -1.5999998e+01  -8.2830896e+00
   1.2500000e+02  -1.8000326e+01  -8.2892342e+00
   1.2600000e+02  -1.9995102e+01  -8.2880182e+00
   1.2700000e+02  -2.1978661e+01  -8.2314577e+00
   1.2800000e+02   3.3706272e+00   1.8923355e+01
   1.2900000e+02   3.3405404e+00   1.6980722e+01
   1.3000000e+02   3.3364096e+00   1.4994488e+01
   1.3100000e+02   3.3431580e+00   1.2998462e+01
   1.3200000e+02   3.3495719e+00   1.0999594e+01
   1.3300000e+02   3.3519840e+00   8.9998970e+00
   1.3400000e+02   3.3511367e+00   6.9999757e+00
   1.3500000e+02   3.3444867e+00   4.9999952e+00
   1.3600000e+02   3.3265295e+00   2.9997301e+00
   1.3700000e+02   3.3052762e+00   9.9802011e-01
   1.3800000e+02   3.2811937e+00  -1.0107175e+00
   1.3900000e+02   3.2589810e+00  -3.0192769e+00
   1.4000000e+02   3.2439713e+00  -5.0007124e+00
   1.4100000e+02   1.0215199e+01   2.8000706e+01
   1.4200000e+02   8.7270069e+00   2.6224247e+01
   1.4300000e+02   4.5311894e+00   2.1988357e+01
   1.4400000e+02   7.4225564e+00   2.4714634e+01
   1.4500000e+02   6.0221090e+00   2.3387196e+01
   1.4600000e+02  -2.4914169e+01  -5.8420668e+00
   1.4700000e+02  -2.7758709e+01  -3.0940106e+00
   1.4800000e+02  -3.7436733e+00  -1.3224209e+00
   1.4900000e+02   3.3754258e+00  -6.6838388e+00
   1.5000000e+02  -1.6878201e+00   2.8365906e+01
   1.5100000e+02   2.9300683e+00   2.6340725e+01
   1.5200000e+02   1.3744942e+00  -6.1983762e+00
   1.5300000e+02  -6.9931312e+00  -6.5689430e+00
   1.5400000e+02  -8.9956026e+00  -6.5862403e+00
   1.5500000e+02  -1.0997849e+01  -6.5937076e+00
   1.5600000e+02  -1.2999117e+01  -6.5964088e+00
   1.5700000e+02  -1.4999748e+01  -6.5974116e+00
   1.5800000e+02  -1.7000505e+01  -6.6068754e+00
   1.5900000e+02  -1.8991034e+01  -6.6144695e+00
   1.6000000e+02  -2.0944387e+01  -6.5808110e+00
   1.6100000e+02  -1.5625281e+00   2.0019976e+01
   1.6200000e+02   1.6909643e+00   1.5988732e+01
   1.6300000e+02   1.6957375e+00   1.3995891e+01
   1.6400000e+02   1.7055900e+00   1.1998736e+01
   1.6500000e+02   1.7123580e+00   9.9996500e+00
   1.6600000e+02   1.7050043e+00   5.9999862e+00
   1.6700000e+02   1.6796339e+00   3.9988689e+00
   1.6800000e+02   1.6433044e+00   1.9914582e+00
   1.6900000e+02   9.0570295e-01   2.6416908e+01
   1.7000000e+02  -1.2315482e+00   2.6340855e+01
   1.7100000e+02  -1.4861959e+00   2.4097017e+01
   1.7200000e+02  -1.5200148e+00   2.2061605e+01
   1.7300000e+02  -1.6039356e+00   1.8001530e+01
   1.7400000e+02   1.7120032e+00   7.9999070e+00
   1.7500000e+02   1.5711096e+00  -2.0421557e+00
   1.7600000e+02  -8.8395810e-01  -6.3869720e+00
   1.7700000e+02  -2.9476054e+00  -6.4294839e+00
   1.7800000e+02  -4.9854388e+00  -6.5234818e+00
   1.7900000e+02  -6.9772959e+00  -3.2308409e+00
   1.8000000e+02  -8.9890747e+00  -3.2664852e+00
   1.8100000e+02  -1.0995617e+01  -3.2803865e+00
   1.8200000e+02  -1.2998420e+01  -3.2850635e+00
   1.8300000e+02  -1.4999542e+01  -3.2865589e+00
   1.8400000e+02  -1.7000536e+01  -3.2959015e+00
   1.8500000e+02  -1.8990772e+01  -3.3119683e+00
   1.8600000e+02  -2.0933184e+01  -3.3324461e+00
   1.8700000e+02  -1.6182892e+00   1.5997513e+01
   1.8800000e+02  -1.6138878e+00   1.3998480e+01
   1.8900000e+02  -1.6054546e+00   1.1999456e+01
   1.9000000e+02  -1.5997915e+00   9.9998407e+00
   1.9100000e+02  -1.5975486e+00   7.9999571e+00
   1.9200000e+02  -1.6053256e+00   5.9999900e+00
   1.9300000e+02  -1.6382359e+00   3.9940958e+00
   1.9400000e+02  -1.7029380e+00   1.9624287e+00
   1.9500000e+02   1.6074737e+00  -2.7260620e-02
   1.9600000e+02   1.5512104e+00  -4.0332828e+00
   1.9700000e+02   4.9207735e+00   2.6426512e+01
   1.9800000e+02   1.7285229e+00   1.7974789e+01
   1.9900000e+02  -2.2782980e+01  -3.4026284e+00
   2.0000000e+02  -2.2854792e+01  -6.4225678e+00
   2.0100000e+02   3.4062028e+00   2.0620136e+01
   2.0200000e+02   6.7996058e+00   2.6465961e+01
   2.0300000e+02   4.0411468e+00   2.4280640e+01
   2.0400000e+02  -2.4595282e+01  -3.7110894e+00
   2.0500000e+02   1.1985897e+01   2.8742998e+01
   2.0600000e+02  -2.6385403e+01  -4.1914144e+00
   2.0700000e+02  -2.3398275e+01  -4.8636870e+00
   2.0800000e+02   2.2859111e+00   2.2227760e+01
   2.0900000e+02   5.5373654e-02   1.6992809e+01
   2.1000000e+02  -1.8047670e+00  -1.2087090e-01
   2.1100000e+02  -4.9879575e+00  -3.1520832e+00
   2.1200000e+02   1.1052583e-02  -4.8252163e+00
   2.1300000e+02  -4.0078230e+00  -4.7588510e+00
   2.1400000e+02  -5.9901519e+00  -4.8557439e+00
   2.1500000e+02  -7.9900432e+00  -4.9041700e+00
   2.1600000e+02  -9.9943838e+00  -4.9255233e+00
   2.1700000e+02  -1.1997459e+01  -4.9341388e+00
   2.1800000e+02  -1.3999044e+01  -4.9373331e+00
   2.1900000e+02  -1.6000126e+01  -4.9451685e+00
   2.2000000e+02  -1.7992996e+01  -4.9558697e+00
   2.2100000e+02  -1.0651148e-01  -3.0962954e+00
   2.2200000e+02   3.7385020e-02   4.9980078e+00
   2.2300000e+02  -5.9679812e-03   2.9853113e+00
   2.2400000e+02  -1.8594626e+00  -4.4084802e+00
   2.2500000e+02  -9.9160545e-02  -1.0853031e+00
   2.2600000e+02  -6.0342550e-02   9.5096058e-01
   2.2700000e+02   5.4726925e-02   6.9996319e+00
   2.2800000e+02   5.9188109e-02   8.9997921e+00
   2.2900000e+02   5.4758664e-02   1.0999392e+01
   2.3000000e+02   4.6452507e-02   1.2997906e+01
   2.3100000e+02   4.2725146e-02   1.4995222e+01
   2.3200000e+02   2.1230139e-01   2.3147612e+01
   2.3300000e+02   2.2422157e-01   2.1070513e+01
   2.3400000e+02   1.1305099e-01   1.9004488e+01
   2.3500000e+02  -1.9949421e+01  -4.9559412e+00
   2.3600000e+02   1.8547561e+00   1.9970173e+01
   2.3700000e+02  -2.1810507e+01  -4.9263468e+00
   2.3800000e+02   5.8412385e+00   2.5054989e+01
   2.3900000e+02  -1.8146094e+00  -2.2006118e+00
   2.4000000e+02  -3.2827051e+00  -3.1684895e+00
   2.4100000e+02   1.7349588e+00   2.4551758e+01
   2.4200000e+02   2.7043773e-02   2.4910829e+01
   2.4300000e+02  -2.6794693e+01  -5.7688408e+00
   2.4400000e+02   7.3718987e+00   2.7313034e+01
   2.4500000e+02   6.9424458e+00   2.8186642e+01
   2.4600000e+02   6.3701525e+00   2.7339569e+01
   2.4700000e+02  -4.0955911e+00   2.7648138e+01
   2.4800000e+02  -5.0000000e+00   2.7000000e+01
   2.4900000e+02  -4.0955911e+00   2.6648138e+01
   2.5000000e+02  -3.4923558e+00  -9.1231823e+00
   2.5100000e+02  -2.4790111e+00  -9.1104813e+00
   2.5200000e+02  -2.9713669e+00  -8.2336636e+00
   2.5300000e+02   4.1759920e+00   9.4999485e+00
   2.5400000e+02   4.1747861e+00   1.0499797e+01
   2.5500000e+02   3.3507781e+00   9.9997454e+00
   2.5600000e+02  -6.9614477e+00  -1.5926106e+00
   2.5700000e+02  -6.4703732e+00  -7.8067791e-01
   2.5800000e+02  -7.4910746e+00  -8.1193274e-01
   2.5900000e+02  -2.4510296e+01  -9.0278988e+00
   2.6000000e+02  -2.4000000e+01  -1.0000000e+01
   2.6100000e+02  -2.3510296e+01  -9.0278988e+00
   2.6200000e+02  -2.7434586e+01  -8.1510620e+00
   2.6300000e+02  -2.7777851e+01  -9.1573477e+00
   2.6400000e+02  -2.6623528e+01  -8.6929951e+00
   2.6500000e+02  -2.8379110e+01  -7.4868889e+00
   2.6600000e+02  -2.7278162e+01  -7.1024170e+00
   2.6700000e+02  -2.6590048e+01  -4.9801273e+00
   2.6800000e+02  -2.7251484e+01  -4.3986511e+00
   2.6900000e+02  -2.7456129e+01  -5.1873646e+00
   2.7000000e+02  -2.9058783e+01  -4.8029442e+00
   2.7100000e+02  -2.9111343e+01  -5.7191219e+00
   2.7200000e+02  -2.8170126e+01  -5.5220661e+00
   2.7300000e+02  -2.6564165e+01  -6.7677159e+00
   2.7400000e+02  -2.5623903e+01  -6.8043289e+00
   2.7500000e+02  -2.5854431e+01  -5.8054538e+00
   2.7600000e+02  -2.6958927e+01  -2.5971918e+00
   2.7700000e+02  -2.7347340e+01  -1.7824197e+00
   2.7800000e+02  -2.8147121e+01  -2.2792382e+00
   2.7900000e+02   7.1110811e+00   2.5590298e+01
   2.8000000e+02   8.0747814e+00   2.5469441e+01
   2.8100000e+02   7.7633066e+00   2.6345104e+01
   2.8200000e+02   7.4720960e+00   2.9080055e+01
   2.8300000e+02   6.4703498e+00   2.9106588e+01
   2.8400000e+02   3.4479155e+00   2.7267637e+01
   2.8500000e+02   2.9671364e+00   2.8191090e+01
   2.8600000e+02   2.4492891e+00   2.7264179e+01
   2.8700000e+02   4.9532313e+00   2.8203863e+01
   2.8800000e+02   5.4703498e+00   2.9106588e+01
   2.8900000e+02   4.4828816e+00   2.9097275e+01
   2.9000000e+02   4.4809599e+00   2.5353577e+01
   2.9100000e+02   3.9254208e+00   2.6383617e+01
   2.9200000e+02   3.4856076e+00   2.5310682e+01
   2.9300000e+02   3.4828816e+00   2.9097275e+01
   2.9400000e+02   2.4842548e+00   2.9093815e+01
   2.9500000e+02   9.7962755e-01   2.8199356e+01
   2.9600000e+02   1.4842548e+00   2.9093815e+01
   2.9700000e+02   4.9537265e-01   2.9105541e+01
   2.9800000e+02  -3.0955911e+00   2.8648138e+01
   2.9900000e+02  -4.0000000e+00   2.9000000e+01
   3.0000000e+02  -4.0000000e+00   3.0000000e+01
   3.0100000e+02  -5.0000000e+00   2.9000000e+01
   3.0200000e+02  -2.3439100e+00   2.9182953e+01
   3.0300000e+02  -2.4395013e+00   2.7831091e+01
   3.0400000e+02  -3.1921220e+00   2.6208582e+01
   3.0500000e+02  -4.0965309e+00   2.5560444e+01
   3.0600000e+02  -3.2172322e+00   2.4081408e+01
   3.0700000e+02  -4.0965309e+00   2.4560444e+01
   3.0800000e+02  -4.1207013e+00   2.3520964e+01
   3.0900000e+02  -3.2543073e+00   2.2028849e+01
   3.1000000e+02  -4.1207013e+00   2.2520964e+01
   3.1100000e+02  -4.1336060e+00   2.1507885e+01
   3.1200000e+02  -3.2786853e+00   2.0009392e+01
   3.1300000e+02  -4.1336060e+00   2.0507885e+01
   3.1400000e+02  -4.1450796e+00   1.9501507e+01
   3.1500000e+02  -3.2943234e+00   1.8001301e+01
   3.1600000e+02  -4.1450796e+00   1.8501507e+01
   3.1700000e+02  -4.1492443e+00   1.7499796e+01
   3.1800000e+02  -3.2967815e+00   1.5999525e+01
   3.1900000e+02  -4.1492443e+00   1.6499796e+01
   3.2000000e+02  -4.1475372e+00   1.5499729e+01
   3.2100000e+02  -3.2922890e+00   1.3999601e+01
   3.2200000e+02  -4.1475372e+00   1.4499729e+01
   3.2300000e+02  -4.1447515e+00   1.3499872e+01
   3.2400000e+02  -3.2873387e+00   1.1999830e+01
   3.2500000e+02  -4.1447515e+00   1.2499872e+01
   3.2600000e+02  -4.1425867e+00   1.1499958e+01
   3.2700000e+02  -4.1427021e+00   8.4999876e+00
   3.2800000e+02  -4.1400547e+00   7.4999981e+00
   3.2900000e+02  -3.2827570e+00   7.9999857e+00
   3.3000000e+02  -3.2841401e+00   5.9999981e+00
   3.3100000e+02  -4.1400547e+00   6.4999981e+00
   3.3200000e+02  -4.1440854e+00   5.4999995e+00
   3.3300000e+02  -3.3063364e+00   3.9937310e+00
   3.3400000e+02  -4.1440854e+00   4.4999995e+00
   3.3500000e+02  -4.1622510e+00   3.4937315e+00
   3.3600000e+02  -3.3715701e+00   1.9573212e+00
   3.3700000e+02  -4.1622510e+00   2.4937315e+00
   3.3800000e+02  -4.2093191e+00   1.4635896e+00
   3.3900000e+02  -3.8044933e-01  -7.2848234e+00
   3.4000000e+02   7.4877685e-01  -7.1905250e+00
   3.4100000e+02   2.4526805e-01  -6.2926741e+00
   3.4200000e+02  -8.9882431e+00  -1.6330060e+00
   3.4300000e+02  -8.4910746e+00  -8.1193274e-01
   3.4400000e+02  -9.4971685e+00  -8.2107323e-01
   3.4500000e+02  -1.0996284e+01  -1.6447172e+00
   3.4600000e+02  -1.0497169e+01  -8.2107323e-01
   3.4700000e+02  -1.1499115e+01  -8.2364392e-01
   3.4800000e+02  -1.2998850e+01  -1.6479878e+00
   3.4900000e+02  -1.2499115e+01  -8.2364392e-01
   3.5000000e+02  -1.3499735e+01  -8.2434398e-01
   3.5100000e+02  -1.4999681e+01  -1.6488717e+00
   3.5200000e+02  -1.4499735e+01  -8.2434398e-01
   3.5300000e+02  -1.5499947e+01  -8.2452762e-01
   3.5400000e+02  -1.7000206e+01  -1.6519563e+00
   3.5500000e+02  -1.6499947e+01  -8.2452762e-01
   3.5600000e+02  -1.7500259e+01  -8.2742870e-01
   3.5700000e+02  -1.8997469e+01  -1.6624534e+00
   3.5800000e+02  -1.8500259e+01  -8.2742870e-01
   3.5900000e+02  -1.9497211e+01  -8.3502477e-01
   3.6000000e+02  -2.0977562e+01  -1.6877421e+00
   3.6100000e+02  -2.0497211e+01  -8.3502477e-01
   3.6200000e+02  -2.1480351e+01  -8.5271734e-01
   3.6300000e+02  -2.1489330e+01  -9.1157284e+00
   3.6400000e+02  -2.0497551e+01  -9.1440086e+00
   3.6500000e+02  -2.0986881e+01  -8.2597380e+00
   3.6600000e+02  -2.4463352e+01  -9.1176647e-01
   3.6700000e+02  -2.5579571e+01  -1.0501866e+00
   3.6800000e+02  -2.5042925e+01  -1.9619532e+00
   3.6900000e+02   4.0000000e+00  -9.0000000e+00
   3.7000000e+02   4.0000000e+00  -1.0000000e+01
   3.7100000e+02   5.0000000e+00  -9.0000000e+00
   3.7200000e+02   2.6488857e+00  -9.0948105e+00
   3.7300000e+02   3.6488857e+00  -8.0948105e+00
   3.7400000e+02   5.6152976e-01  -9.0913372e+00
   3.7500000e+02   1.6488856e+00  -9.0948105e+00
   3.7600000e+02   1.2104154e+00  -8.1861477e+00
   3.7700000e+02   1.8361328e+00  -7.1939983e+00
   3.7800000e+02   2.8365984e+00  -7.4367299e+00
   3.7900000e+02   2.3749600e+00  -6.4411077e+00
   3.8000000e+02  -1.4790109e+00  -9.1104813e+00
   3.8100000e+02  -4.3847027e-01  -9.0913372e+00
   3.8200000e+02  -9.1748118e-01  -8.2018185e+00
   3.8300000e+02  -5.4976187e+00  -9.1342602e+00
   3.8400000e+02  -4.4923558e+00  -9.1231823e+00
   3.8500000e+02  -4.9899750e+00  -8.2574425e+00
   3.8600000e+02  -7.4956407e+00  -7.4232874e+00
   3.8700000e+02  -6.9966936e+00  -8.2730751e+00
   3.8800000e+02  -6.4941845e+00  -7.4187312e+00
   3.8900000e+02  -8.4968758e+00  -7.4319363e+00
   3.9000000e+02  -7.9943666e+00  -6.5775919e+00
   3.9100000e+02  -1.0498481e+01  -7.4375114e+00
   3.9200000e+02  -9.4973583e+00  -7.4337778e+00
   3.9300000e+02  -9.9967251e+00  -6.5899739e+00
   3.9400000e+02  -1.2499367e+01  -7.4394584e+00
   3.9500000e+02  -1.1498734e+01  -7.4381075e+00
   3.9600000e+02  -1.1998483e+01  -6.5950584e+00
   3.9700000e+02  -1.4499804e+01  -7.4401388e+00
   3.9800000e+02  -1.3499487e+01  -7.4396377e+00
   3.9900000e+02  -1.3999433e+01  -6.5969105e+00
   4.0000000e+02  -1.6500252e+01  -7.4449825e+00
   4.0100000e+02  -1.5499873e+01  -7.4402504e+00
   4.0200000e+02  -1.6000126e+01  -6.6021433e+00
   4.0300000e+02  -1.8495680e+01  -7.4518518e+00
   4.0400000e+02  -1.7500416e+01  -7.4480548e+00
   4.0500000e+02  -1.7995770e+01  -6.6106725e+00
   4.0600000e+02  -2.0469746e+01  -7.4344149e+00
   4.0700000e+02  -1.9493069e+01  -7.4512439e+00
   4.0800000e+02  -1.9967710e+01  -6.5976400e+00
   4.0900000e+02   9.8390353e-01   1.9487331e+01
   4.1000000e+02   9.2078692e-01   1.8489639e+01
   4.1100000e+02   1.7916396e+00   1.8972481e+01
   4.1200000e+02  -7.4544233e-01   1.8503010e+01
   4.1300000e+02  -7.7428096e-01   1.7497169e+01
   4.1400000e+02   8.4212318e-02   1.7998650e+01
   4.1500000e+02   2.5136869e+00   1.5491610e+01
   4.1600000e+02   3.3384750e+00   1.5987605e+01
   4.1700000e+02   2.5157523e+00   1.6484728e+01
   4.1800000e+02   2.5160735e+00   1.4495190e+01
   4.1900000e+02   1.6933509e+00   1.4992312e+01
   4.2000000e+02   2.5243740e+00   1.2498599e+01
   4.2100000e+02   2.5194478e+00   1.3497176e+01
   4.2200000e+02   1.7006638e+00   1.2997314e+01
   4.2300000e+02   2.5309649e+00   1.0499622e+01
   4.2400000e+02   2.5275810e+00   1.1499165e+01
   4.2500000e+02   1.7089740e+00   1.0999193e+01
   4.2600000e+02   4.1755686e+00   7.4999876e+00
   4.2700000e+02   4.1759920e+00   8.4999485e+00
   4.2800000e+02   3.3515604e+00   7.9999361e+00
   4.2900000e+02   2.5247455e+00   5.4999905e+00
   4.3000000e+02   3.3478117e+00   5.9999857e+00
   4.3100000e+02   2.5280705e+00   6.4999809e+00
   4.3200000e+02   2.5120602e+00   4.4994321e+00
   4.3300000e+02   1.6923192e+00   4.9994278e+00
   4.3400000e+02   2.4849169e+00   2.4955940e+00
   4.3500000e+02   2.5030818e+00   3.4992995e+00
   4.3600000e+02   1.6614691e+00   2.9951634e+00
   4.3700000e+02   4.1405969e+00  -5.0535876e-01
   4.3800000e+02   4.1526380e+00   4.9901006e-01
   4.3900000e+02   3.2932348e+00  -6.3486993e-03
   4.4000000e+02   4.1294904e+00  -2.5096383e+00
   4.4100000e+02   4.1405969e+00  -1.5053587e+00
   4.4200000e+02   3.2700872e+00  -2.0149972e+00
   4.4300000e+02   4.1219854e+00  -4.5003562e+00
   4.4400000e+02   4.1294904e+00  -3.5096383e+00
   4.4500000e+02   3.2514763e+00  -4.0099945e+00
   4.4600000e+02   4.1877127e+00  -7.3419194e+00
   4.4700000e+02   5.0000000e+00  -7.0000000e+00
   4.4800000e+02   4.1877127e+00  -6.3419194e+00
   4.4900000e+02   9.4711027e+00   2.7112476e+01
   4.5000000e+02   9.0796947e+00   2.8080406e+01
   4.5100000e+02   8.3355999e+00   2.7192177e+01
   4.5200000e+02   1.0464743e+01   2.6857494e+01
   4.5300000e+02   1.1428572e+01   2.6428572e+01
   4.5400000e+02   1.1179028e+01   2.7571781e+01
   4.5500000e+02   1.1100548e+01   2.8371853e+01
   4.5600000e+02   1.2064377e+01   2.7942928e+01
   4.5700000e+02   1.1492949e+01   2.9371498e+01
   4.5800000e+02   1.0607599e+01   2.9000353e+01
   4.5900000e+02   1.2778663e+01   2.8657213e+01
   4.6000000e+02   1.3285714e+01   2.9285713e+01
   4.6100000e+02   1.2492949e+01   2.9371498e+01
   4.6200000e+02   1.4285714e+01   2.9285713e+01
   4.6300000e+02   1.4000000e+01   3.0000000e+01
   4.6400000e+02  -2.6536282e+01  -1.2404878e+00
   4.6500000e+02  -2.7777851e+01  -8.4265208e-01
   4.6600000e+02  -2.5975452e+01  -9.9039259e+00
   4.6700000e+02  -2.5666819e+01  -8.8832951e+00
   4.6800000e+02  -2.9903927e+01  -5.9754515e+00
   4.6900000e+02  -2.8921043e+01  -6.6758304e+00
   4.7000000e+02  -2.9157349e+01  -7.7778511e+00
   4.7100000e+02  -2.8689053e+01  -3.0902967e+00
   4.7200000e+02  -2.8868481e+01  -3.8462358e+00
   4.7300000e+02  -2.7938137e+01  -3.8499494e+00
   4.7400000e+02  -2.9903927e+01  -4.0245485e+00
   4.7500000e+02  -2.2332649e+01  -5.6744575e+00
   4.7600000e+02  -2.1899590e+01  -6.5016894e+00
   4.7700000e+02  -2.1377447e+01  -5.7535791e+00
   4.7800000e+02  -2.5975452e+01  -9.6073657e-02
   4.7900000e+02   8.4720955e+00   2.9080055e+01
   4.8000000e+02   8.0000000e+00   3.0000000e+01
   4.8100000e+02   6.0000000e+00   3.0000000e+01
   4.8200000e+02  -5.0000000e+00   2.5000000e+01
   4.8300000e+02   1.9178855e+00   2.6378817e+01
   4.8400000e+02   1.4371064e+00   2.7302269e+01
   4.8500000e+02  -5.4703732e+00  -7.8067791e-01
   4.8600000e+02  -6.0000000e+00   0.0000000e+00
   4.8700000e+02  -8.0000000e+00   0.0000000e+00
   4.8800000e+02  -5.0000000e+00   7.0000000e+00
   4.8900000e+02  -5.0000000e+00   5.0000000e+00
   4.9000000e+02  -1.0000000e+01   0.0000000e+00
   4.9100000e+02  -7.4990749e+00  -9.1388159e+00
   4.9200000e+02  -6.4976187e+00  -9.1342602e+00
   4.9300000e+02   4.0000000e+00   3.0000000e+01
   4.9400000e+02   8.3541355e+00   2.4500176e+01
   4.9500000e+02   9.0063610e+00   2.5254982e+01
   4.9600000e+02   2.0000000e+00   3.0000000e+01
   4.9700000e+02   6.9396257e+00   2.3122169e+01
   4.9800000e+02   7.6398497e+00   2.3785889e+01
   4.9900000e+02   6.7223330e+00   2.4050915e+01
   5.0000000e+02   0.0000000e+00   3.0000000e+01
   5.0100000e+02  -5.0462735e-01   2.9105541e+01
   5.0200000e+02   1.1967258e-01   2.4029221e+01
   5.0300000e+02   9.7363007e-01   2.3849686e+01
   5.0400000e+02   8.8100129e-01   2.4731293e+01
   5.0500000e+02  -8.4853738e-01   2.8288494e+01
   5.0600000e+02  -1.3439100e+00   2.9182953e+01
   5.0700000e+02  -1.6292262e-01   2.6378881e+01
   5.0800000e+02   4.4822413e-01   2.7313995e+01
   5.0900000e+02  -6.2040144e-01   2.7275967e+01
   5.1000000e+02  -5.0000000e+00   2.3000000e+01
   5.1100000e+02  -1.3588721e+00   2.5218937e+01
   5.1200000e+02  -2.2123048e+00   2.5730871e+01
   5.1300000e+02  -2.3396287e+00   2.4608952e+01
   5.1400000e+02  -5.0000000e+00   2.1000000e+01
   5.1500000e+02  -2.3936133e+00   2.1538689e+01
   5.1600000e+02  -2.4148698e+00   2.0517872e+01
   5.1700000e+02  -1.5412715e+00   2.1040791e+01
   5.1800000e+02  -5.0000000e+00   1.9000000e+01
   5.1900000e+02   1.2491063e+00   2.2687687e+01
   5.2000000e+02   2.0104349e+00   2.3389759e+01
   5.2100000e+02  -5.0000000e+00   1.7000000e+01
   5.2200000e+02   8.9194828e-01   1.7483799e+01
   5.2300000e+02  -5.0000000e+00   1.5000000e+01
   5.2400000e+02   4.1702700e+00   1.7490360e+01
   5.2500000e+02   4.1853137e+00   1.8461678e+01
   5.2600000e+02   3.3555837e+00   1.7952038e+01
   5.2700000e+02  -5.0000000e+00   1.3000000e+01
   5.2800000e+02   4.1682048e+00   1.5497244e+01
   5.2900000e+02   4.1702700e+00   1.6490360e+01
   5.3000000e+02  -5.0000000e+00   1.1000000e+01
   5.3100000e+02  -4.1425867e+00   1.0499958e+01
   5.3200000e+02   4.1715789e+00   1.3499231e+01
   5.3300000e+02   4.1682048e+00   1.4497244e+01
   5.3400000e+02   3.3397837e+00   1.3996475e+01
   5.3500000e+02  -3.2852893e+00   9.9999456e+00
   5.3600000e+02  -4.1427021e+00   9.4999876e+00
   5.3700000e+02   4.1747861e+00   1.1499797e+01
   5.3800000e+02   4.1715789e+00   1.2499231e+01
   5.3900000e+02   3.3463650e+00   1.1999027e+01
   5.4000000e+02  -5.0000000e+00   9.0000000e+00
   5.4100000e+02   2.5319936e+00   8.4999018e+00
   5.4200000e+02   2.5321710e+00   9.4997730e+00
   5.4300000e+02   1.7121806e+00   8.9997788e+00
   5.4400000e+02  -5.0000000e+00   3.0000000e+00
   5.4500000e+02   4.1722431e+00   5.4999976e+00
   5.4600000e+02   4.1755686e+00   6.4999876e+00
   5.4700000e+02  -5.0000000e+00   1.0000000e+00
   5.4800000e+02  -4.2093191e+00   4.6358958e-01
   5.4900000e+02   4.1632647e+00   3.4998651e+00
   5.5000000e+02   4.1722431e+00   4.4999976e+00
   5.5100000e+02   3.3355081e+00   3.9998627e+00
   5.5200000e+02  -5.4890547e+00  -4.0039134e+00
   5.5300000e+02  -5.9826269e+00  -3.1914620e+00
   5.5400000e+02  -6.4837236e+00  -4.0432925e+00
   5.5500000e+02   4.1526380e+00   1.4990101e+00
   5.5600000e+02   4.1632647e+00   2.4998651e+00
   5.5700000e+02   3.3159027e+00   1.9988751e+00
   5.5800000e+02  -1.2000000e+01   0.0000000e+00
   5.5900000e+02  -9.4995565e+00  -9.1406574e+00
   5.6000000e+02  -8.4990749e+00  -9.1388159e+00
   5.6100000e+02  -8.9986315e+00  -8.2794743e+00
   5.6200000e+02  -1.4000000e+01   0.0000000e+00
   5.6300000e+02  -1.1499809e+01  -9.1412544e+00
   5.6400000e+02  -1.0499557e+01  -9.1406574e+00
   5.6500000e+02  -1.0999365e+01  -8.2819119e+00
   5.6600000e+02  -1.6000000e+01   0.0000000e+00
   5.6700000e+02  -1.3499929e+01  -9.1414337e+00
   5.6800000e+02  -1.2499809e+01  -9.1412544e+00
   5.6900000e+02  -1.2999738e+01  -8.2826872e+00
   5.7000000e+02  -1.8000000e+01   0.0000000e+00
   5.7100000e+02  -1.5499999e+01  -9.1415443e+00
   5.7200000e+02  -1.4499929e+01  -9.1414337e+00
   5.7300000e+02  -1.4999928e+01  -8.2829781e+00
   5.7400000e+02  -2.0000000e+01   0.0000000e+00
   5.7500000e+02  -1.7500164e+01  -9.1446171e+00
   5.7600000e+02  -1.6500000e+01  -9.1415443e+00
   5.7700000e+02  -1.7000162e+01  -8.2861614e+00
   5.7800000e+02  -2.2000000e+01   0.0000000e+00
   5.7900000e+02  -2.2480351e+01  -8.5271734e-01
   5.8000000e+02  -1.9497551e+01  -9.1440086e+00
   5.8100000e+02  -1.8500164e+01  -9.1446171e+00
   5.8200000e+02  -1.8997715e+01  -8.2886257e+00
   5.8300000e+02  -2.2943703e+01  -1.7644838e+00
   5.8400000e+02  -2.3463352e+01  -9.1176647e-01
   5.8500000e+02  -2.3689131e+01  -3.5568590e+00
   5.8600000e+02  -2.3354843e+01  -2.6130807e+00
   5.8700000e+02  -2.4260994e+01  -2.7673111e+00
   5.8800000e+02  -2.5177113e+01  -7.9111943e+00
   5.8900000e+02  -2.2489330e+01  -9.1157284e+00
   5.9000000e+02  -2.2000000e+01  -1.0000000e+01
   5.9100000e+02  -2.4000000e+01   0.0000000e+00
   5.9200000e+02  -2.5490341e+01  -3.9512520e+00
   5.9300000e+02  -2.5377212e+01  -2.9057312e+00
   5.9400000e+02  -2.6272274e+01  -3.1458938e+00
   5.9500000e+02   2.0000000e+00  -1.0000000e+01
   5.9600000e+02  -7.9751551e-02  -6.7171246e-02
   5.9700000e+02   7.5415659e-01  -5.5628186e-01
   5.9800000e+02   7.7356559e-01   4.6184999e-01
   5.9900000e+02   6.9277340e-01  -5.5117960e+00
   6.0000000e+02   1.4628522e+00  -5.1158295e+00
   6.0100000e+02   7.8113151e-01  -4.4292498e+00
   6.0200000e+02   0.0000000e+00  -1.0000000e+01
   6.0300000e+02  -2.4528136e+00  -7.3252230e+00
   6.0400000e+02  -1.4209900e+00  -7.3039665e+00
   6.0500000e+02  -1.9157817e+00  -6.4082279e+00
   6.0600000e+02  -2.0000000e+00  -1.0000000e+01
   6.0700000e+02  -4.4966307e+00  -5.6411667e+00
   6.0800000e+02  -3.9665222e+00  -6.4764829e+00
   6.0900000e+02  -3.4777141e+00  -5.5941677e+00
   6.1000000e+02  -4.0000000e+00  -1.0000000e+01
   6.1100000e+02  -6.4916415e+00  -5.7123432e+00
   6.1200000e+02  -5.9892850e+00  -6.5462122e+00
   6.1300000e+02  -5.4877953e+00  -5.6896129e+00
   6.1400000e+02  -6.0000000e+00  -1.0000000e+01
   6.1500000e+02  -7.4915872e+00  -5.7365565e+00
   6.1600000e+02  -6.9900975e+00  -4.8799572e+00
   6.1700000e+02  -8.0000000e+00  -1.0000000e+01
   6.1800000e+02  -9.4949932e+00  -5.7558818e+00
   6.1900000e+02  -8.4928227e+00  -5.7452049e+00
   6.2000000e+02  -8.9922133e+00  -4.9148464e+00
   6.2100000e+02  -1.0000000e+01  -1.0000000e+01
   6.2200000e+02  -1.1497654e+01  -5.7639232e+00
   6.2300000e+02  -1.0496117e+01  -5.7596154e+00
   6.2400000e+02  -1.0995922e+01  -4.9298310e+00
   6.2500000e+02  -1.2000000e+01  -1.0000000e+01
   6.2600000e+02  -1.3499081e+01  -5.7668710e+00
   6.2700000e+02  -1.2498288e+01  -5.7652741e+00
   6.2800000e+02  -1.2998251e+01  -4.9357357e+00
   6.2900000e+02  -1.4000000e+01  -1.0000000e+01
   6.3000000e+02  -1.5499937e+01  -5.7712898e+00
   6.3100000e+02  -1.4499395e+01  -5.7673721e+00
   6.3200000e+02  -1.4999584e+01  -4.9412508e+00
   6.3300000e+02  -1.6000000e+01  -1.0000000e+01
   6.3400000e+02  -1.7496750e+01  -5.7813726e+00
   6.3500000e+02  -1.6500317e+01  -5.7760220e+00
   6.3600000e+02  -1.6996561e+01  -4.9505191e+00
   6.3700000e+02  -1.8000000e+01  -1.0000000e+01
   6.3800000e+02  -1.9470226e+01  -5.7852054e+00
   6.3900000e+02  -1.8492016e+01  -5.7851696e+00
   6.4000000e+02  -1.8971209e+01  -4.9559054e+00
   6.4100000e+02  -2.0000000e+01  -1.0000000e+01
   6.4200000e+02  -2.2604391e+01  -4.8950167e+00
   6.4300000e+02  -2.3126534e+01  -5.6431274e+00
   6.4400000e+02  -2.2999626e+01  -8.1436272e+00
   6.4500000e+02   5.0000000e+00   1.9000000e+01
   6.4600000e+02   4.1853137e+00   1.9461678e+01
   6.4700000e+02   4.2031012e+00   2.0310068e+01
   6.4800000e+02   4.7655945e+00   2.0994179e+01
   6.4900000e+02   3.9686961e+00   2.1304247e+01
   6.5000000e+02   4.9049400e-02   1.5994016e+01
   6.5100000e+02  -7.8145778e-01   1.6495161e+01
   6.5200000e+02  -7.8778207e-01   1.5496368e+01
   6.5300000e+02   5.0000000e+00   1.7000000e+01
   6.5400000e+02  -1.6160885e+00   1.4997996e+01
   6.5500000e+02  -7.8558135e-01   1.4496851e+01
   6.5600000e+02   5.0000000e+00   1.5000000e+01
   6.5700000e+02  -7.8371763e-01   1.3498193e+01
   6.5800000e+02  -1.6096711e+00   1.2998968e+01
   6.5900000e+02  -7.7950102e-01   1.2498680e+01
   6.6000000e+02   5.0000000e+00   1.3000000e+01
   6.6100000e+02  -7.7534795e-01   1.1499424e+01
   6.6200000e+02  -1.6026230e+00   1.0999648e+01
   6.6300000e+02  -7.7251643e-01   1.0499617e+01
   6.6400000e+02   5.0000000e+00   1.1000000e+01
   6.6500000e+02  -7.7141082e-01   7.4997945e+00
   6.6600000e+02  -1.6014371e+00   6.9999733e+00
   6.6700000e+02  -7.7529931e-01   6.4998112e+00
   6.6800000e+02   5.0000000e+00   9.0000000e+00
   6.6900000e+02  -7.8397030e-01   5.4989986e+00
   6.7000000e+02   4.6055973e-02   5.9988198e+00
   6.7100000e+02   5.0000000e+00   7.0000000e+00
   6.7200000e+02  -1.6217808e+00   4.9970427e+00
   6.7300000e+02  -8.0042547e-01   4.4960518e+00
   6.7400000e+02   5.0000000e+00   5.0000000e+00
   6.7500000e+02  -8.2210195e-01   3.4897037e+00
   6.7600000e+02  -1.6705869e+00   2.9782622e+00
   6.7700000e+02  -8.5445297e-01   2.4738700e+00
   6.7800000e+02   5.0000000e+00   3.0000000e+00
   6.7900000e+02   2.4563749e+00   4.8537976e-01
   6.8000000e+02   2.4742904e+00   1.4947392e+00
   6.8100000e+02   1.6253891e+00   9.8209876e-01
   6.8200000e+02   5.0000000e+00   1.0000000e+00
   6.8300000e+02  -4.7729448e-02  -3.9607558e+00
   6.8400000e+02   7.2234946e-01  -3.5647891e+00
   6.8500000e+02   5.0000000e+00  -1.0000000e+00
   6.8600000e+02   2.4050956e+00  -3.5262799e+00
   6.8700000e+02   2.4150453e+00  -2.5307164e+00
   6.8800000e+02   1.5611601e+00  -3.0377192e+00
   6.8900000e+02   5.0000000e+00  -3.0000000e+00
   6.9000000e+02   3.3096986e+00  -5.8422756e+00
   6.9100000e+02   2.3092327e+00  -5.5995445e+00
   6.9200000e+02   4.1219854e+00  -5.5003562e+00
   6.9300000e+02   5.0000000e+00  -5.0000000e+00
   6.9400000e+02   1.0000000e+01   3.0000000e+01
   6.9500000e+02   9.6075993e+00   2.9000353e+01
   6.9600000e+02   1.0000000e+01   2.5000000e+01
   6.9700000e+02   9.7206459e+00   2.5969265e+01
   6.9800000e+02   5.7142859e+00   2.0714285e+01
   6.9900000e+02   5.4798803e+00   2.1708466e+01
   7.0000000e+02   6.2253399e+00   2.2407883e+01
   7.0100000e+02   7.1428576e+00   2.2142857e+01
   7.0200000e+02   6.3204222e+00   2.5760475e+01
   7.0300000e+02   5.8601894e+00   2.6446236e+01
   7.0400000e+02   5.3810062e+00   2.5740749e+01
   7.0500000e+02   8.5714292e+00   2.3571428e+01
   7.0600000e+02   4.9411926e+00   2.4667814e+01
   7.0700000e+02   5.2766495e+00   2.2687777e+01
   7.0800000e+02  -2.4467381e+01  -6.9489322e+00
   7.0900000e+02  -2.3437691e+01  -7.2391825e+00
   7.1000000e+02  -2.2416725e+01  -7.3270130e+00
   7.1100000e+02  -2.9157349e+01  -2.2221489e+00
   7.1200000e+02  -2.7072056e+01  -3.6427126e+00
   7.1300000e+02  -3.5811558e+00  -1.9762090e-01
   7.1400000e+02  -4.3718367e+00  -6.6121048e-01
   7.1500000e+02  -4.8422098e+00  -1.4418883e+00
   7.1600000e+02  -2.0000000e+00   3.0000000e+01
   7.1700000e+02  -1.4596841e+00   2.7353380e+01
   7.1800000e+02  -2.2113652e+00   2.6818565e+01
   7.1900000e+02   2.3325136e+00   2.5446241e+01
   7.2000000e+02   1.3203309e+00   2.5484333e+01
   7.2100000e+02  -1.0283601e-01  -2.0907993e+00
   7.2200000e+02   7.3229909e-01  -2.5692256e+00
   7.2300000e+02   7.3597455e-01  -1.5637294e+00
   7.2400000e+02  -5.4903383e+00  -7.3960009e+00
   7.2500000e+02  -4.4850755e+00  -7.3849230e+00
   7.2600000e+02  -8.4895592e+00  -4.0853276e+00
   7.2700000e+02  -9.4917297e+00  -4.0960045e+00
   7.2800000e+02  -1.0495001e+01  -4.1029549e+00
   7.2900000e+02  -1.1496538e+01  -4.1072626e+00
   7.3000000e+02  -1.2497940e+01  -4.1096010e+00
   7.3100000e+02  -1.3498732e+01  -4.1111984e+00
   7.3200000e+02  -1.4499292e+01  -4.1119461e+00
   7.3300000e+02  -1.5499834e+01  -4.1158638e+00
   7.3400000e+02  -1.6500332e+01  -4.1205349e+00
   7.3500000e+02  -1.7496765e+01  -4.1258855e+00
   7.3600000e+02  -1.8491884e+01  -4.1339188e+00
   7.3700000e+02  -1.9470097e+01  -4.1339550e+00
   7.3800000e+02  -2.0879963e+01  -4.9411440e+00
   7.3900000e+02  -2.0441303e+01  -4.1441937e+00
   7.4000000e+02  -2.1371845e+01  -4.1293964e+00
   7.4100000e+02  -2.1858082e+01  -3.3675373e+00
   7.4200000e+02  -2.2296743e+01  -4.1644878e+00
   7.4300000e+02  -2.1461525e+01  -7.4061346e+00
   7.4400000e+02  -2.4263434e+00   1.9511494e+01
   7.4500000e+02  -2.4470472e+00   1.8502270e+01
   7.4600000e+02  -2.4512119e+00   1.7500561e+01
   7.4700000e+02   2.5345316e+00   1.7477757e+01
   7.4800000e+02   2.5495751e+00   1.8449072e+01
   7.4900000e+02   4.4588827e-02   1.3996564e+01
   7.5000000e+02   5.0605588e-02   1.1998649e+01
   7.5100000e+02  -7.7030170e-01   9.4998169e+00
   7.5200000e+02   5.6973387e-02   9.9995918e+00
   7.5300000e+02  -7.6918024e-01   8.4998741e+00
   7.5400000e+02   5.6957517e-02   7.9997120e+00
   7.5500000e+02   1.7085037e+00   6.9999466e+00
   7.5600000e+02   2.5315700e+00   7.4999414e+00
   7.5700000e+02   1.5708519e-02   3.9916596e+00
   7.5800000e+02  -3.3155266e-02   1.9681360e+00
   7.5900000e+02  -8.8164025e-01   1.4566946e+00
   7.6000000e+02  -1.7538525e+00   9.2077887e-01
   7.6100000e+02  -2.5607882e+00   1.4448040e+00
   7.6200000e+02  -2.6117027e+00   4.0315414e-01
   7.6300000e+02  -2.3807087e+00   2.2551765e+01
   7.6400000e+02  -2.3637993e+00   2.3569473e+01
   7.6500000e+02  -1.5031054e+00   2.3079311e+01
   7.6600000e+02  -6.0225219e-01   2.5625843e+01
   7.6700000e+02  -7.2957605e-01   2.4503923e+01
   7.6800000e+02   2.0703335e+00   2.1098967e+01
   7.6900000e+02   1.2550663e+00   2.1649136e+01
   7.7000000e+02   1.0394888e+00   2.0520344e+01
   7.7100000e+02   3.1635289e+00   2.3254200e+01
   7.7200000e+02   2.8880527e+00   2.4416199e+01
   7.7300000e+02  -1.5832319e+00   1.9010754e+01
   7.7400000e+02  -1.6111124e+00   1.6999521e+01
   7.7500000e+02  -2.4583888e+00   1.6498552e+01
   7.7600000e+02  -1.5986700e+00   8.9998989e+00
   7.7700000e+02   2.4261517e+00  -1.5264366e+00
   7.7800000e+02   1.5892917e+00  -1.0347081e+00
   7.7900000e+02   2.4443338e+00  -5.1898909e-01
   7.8000000e+02  -1.3717103e+00  -5.3977261e+00
   7.8100000e+02  -4.3645275e-01  -5.6060944e+00
   7.8200000e+02  -9.2420501e-01  -4.6168480e+00
   7.8300000e+02  -4.3658152e+00  -2.2372520e+00
   7.8400000e+02  -5.4643521e+00  -2.3567195e+00
   7.8500000e+02  -3.4661586e+00  -7.3379240e+00
   7.8600000e+02  -6.4590216e+00  -2.3960984e+00
   7.8700000e+02  -7.4797220e+00  -2.4273531e+00
   7.8800000e+02  -7.9831853e+00  -3.2486629e+00
   7.8900000e+02  -8.4856119e+00  -2.4451754e+00
   7.9000000e+02  -9.4917059e+00  -2.4543159e+00
   7.9100000e+02  -9.9923458e+00  -3.2734358e+00
   7.9200000e+02  -1.0494977e+01  -2.4612665e+00
   7.9300000e+02  -1.1496923e+01  -2.4638371e+00
   7.9400000e+02  -1.1997019e+01  -3.2827249e+00
   7.9500000e+02  -1.2498325e+01  -2.4661756e+00
   7.9600000e+02  -1.3498944e+01  -2.4668758e+00
   7.9700000e+02  -1.3998981e+01  -3.2858112e+00
   7.9800000e+02  -1.4499506e+01  -2.4676235e+00
   7.9900000e+02  -1.5499718e+01  -2.4678070e+00
   8.0000000e+02  -1.6000038e+01  -3.2912302e+00
   8.0100000e+02  -1.6500214e+01  -2.4724784e+00
   8.0200000e+02  -1.7500526e+01  -2.4753795e+00
   8.0300000e+02  -1.7995655e+01  -3.3039351e+00
   8.0400000e+02  -1.8495644e+01  -2.4834127e+00
   8.0500000e+02  -1.9492596e+01  -2.4910090e+00
   8.0600000e+02  -1.9961979e+01  -3.3222072e+00
   8.0700000e+02  -2.0463802e+01  -2.5012479e+00
   8.0800000e+02  -2.1446941e+01  -2.5189405e+00
   8.0900000e+02  -2.2371841e+01  -2.5540316e+00
   8.1000000e+02  -2.4566820e+00   1.5498486e+01
   8.1100000e+02  -2.4544811e+00   1.4498968e+01
   8.1200000e+02  -2.4516954e+00   1.3499113e+01
   8.1300000e+02  -2.4474790e+00   1.2499600e+01
   8.1400000e+02  -2.4453142e+00   1.1499685e+01
   8.1500000e+02  -2.4424827e+00   1.0499878e+01
   8.1600000e+02  -2.4425981e+00   9.4999084e+00
   8.1700000e+02  -2.4414766e+00   8.4999657e+00
   8.1800000e+02  -2.4388290e+00   7.4999771e+00
   8.1900000e+02  -2.4427175e+00   6.4999933e+00
   8.2000000e+02  -2.4467480e+00   5.4999943e+00
   8.2100000e+02  -2.4632032e+00   4.4970474e+00
   8.2200000e+02  -2.4813690e+00   3.4907794e+00
   8.2300000e+02  -2.5137200e+00   2.4749460e+00
   8.2400000e+02  -9.3255478e-01   4.1504484e-01
   8.2500000e+02  -9.5196378e-01  -6.0308701e-01
   8.2600000e+02   7.9148090e-01   1.4712094e+00
   8.2700000e+02   8.1866819e-01   2.4883847e+00
   8.2800000e+02   2.3975909e+00  -4.5169973e+00
   8.2900000e+02   5.4307365e+00   2.7319843e+01
   8.3000000e+02   4.4432683e+00   2.7310532e+01
   8.3100000e+02   1.7097436e+00   1.6981760e+01
   8.3200000e+02   2.6126916e+00   1.9446764e+01
   8.3300000e+02   3.3884149e+00   1.9771746e+01
   8.3400000e+02   2.6304793e+00   2.0295155e+01
   8.3500000e+02  -2.3884480e+01  -6.1323175e+00
   8.3600000e+02   3.4085503e+00   2.2108059e+01
   8.3700000e+02   4.2861681e+00   2.3134499e+01
   8.3800000e+02   5.0316277e+00   2.3833918e+01
   8.3900000e+02   5.9316740e+00   2.4221092e+01
   8.4000000e+02  -2.3996779e+01  -4.2873883e+00
   8.4100000e+02  -2.4754726e+01  -4.7765780e+00
   8.4200000e+02  -2.4156223e+01  -5.3528767e+00
   8.4300000e+02   1.2857142e+01   2.7857143e+01
   8.4400000e+02   1.2000000e+01   3.0000000e+01
   8.4500000e+02  -2.7508690e+01  -6.1035423e+00
   8.4600000e+02  -2.5649786e+01  -5.0167408e+00
   8.4700000e+02  -2.3090628e+01  -4.1331577e+00
   8.4800000e+02   2.1826148e-01   2.2109062e+01
   8.4900000e+02   2.8460569e+00   2.1423948e+01
   8.5000000e+02   8.7316901e-01   1.6490770e+01
   8.5100000e+02  -2.7742202e+00  -7.2164595e-01
   8.5200000e+02  -9.5688498e-01  -1.6429574e+00
   8.5300000e+02  -1.8096882e+00  -1.1607413e+00
   8.5400000e+02  -1.8370360e+00  -3.3045459e+00
   8.5500000e+02  -9.8298705e-01  -3.7523878e+00
   8.5600000e+02  -9.6056044e-01  -2.6484537e+00
   8.5700000e+02  -2.5486572e+00  -2.6845508e+00
   8.5800000e+02  -2.7791414e+00  -1.7615163e+00
   8.5900000e+02  -3.5131893e+00  -2.2454553e+00
   8.6000000e+02  -4.9989872e+00  -4.8072977e+00
   8.6100000e+02  -4.4978905e+00  -3.9554672e+00
   8.6200000e+02  -2.4035339e+00  -5.4189820e+00
   8.6300000e+02  -7.4836693e+00  -4.0675054e+00
   8.6400000e+02  -2.5710838e+00  -3.7884848e+00
   8.6500000e+02   8.5850942e-01   4.4984384e+00
   8.6600000e+02   8.7119466e-01   5.4989967e+00
   8.6700000e+02   8.7986565e-01   6.4998093e+00
   8.6800000e+02   8.3683294e-01   3.4920902e+00
   8.6900000e+02  -2.9336429e+00  -4.5836659e+00
   8.7000000e+02   8.8336510e-01   7.4997692e+00
   8.7100000e+02   8.8559568e-01   8.4998493e+00
   8.7200000e+02   8.8577306e-01   9.4997215e+00
   8.7300000e+02   8.8355833e-01   1.0499521e+01
   8.7400000e+02   8.8017434e-01   1.1499064e+01
   8.7500000e+02   8.7602127e-01   1.2498321e+01
   8.7600000e+02   8.7109500e-01   1.3496899e+01
   8.7700000e+02   8.6923134e-01   1.4495556e+01
   8.7800000e+02   8.6684477e-01   1.5491978e+01
   8.7900000e+02  -6.3694727e-01   2.3622315e+01
   8.8000000e+02  -6.5385669e-01   2.2604609e+01
   8.8100000e+02  -6.4789659e-01   2.1566059e+01
   8.8200000e+02  -6.6915327e-01   2.0545244e+01
   8.8300000e+02   1.6863628e-01   2.0037500e+01
   8.8400000e+02  -7.2473860e-01   1.9512232e+01
   8.8500000e+02  -2.0446903e+01  -5.7683763e+00
   8.8600000e+02   6.6318975e+00   2.4884811e+01
   8.8700000e+02  -4.1353311e+00  -3.1602864e+00
   8.8800000e+02  -3.6452642e+00  -3.9636702e+00
   8.8900000e+02   4.6637335e-01   2.5663868e+01
